ID	SEX	MUMID	TWIN	CAPAGE	BIRTHYEAR	BIRTHWT
8997	1	2633	1	3	23	2.2
4735	1	3754	0	5	4	2.3
4124	1	6843	0	5	26	1.95
2152	1	3364	0	3	23	2.9
7979	1	5565	0	5	27	2.4
3741	1	8274	1	2	11	1.6
6998	1	7488	0	4	19	2.7
2720	1	1971	1	1	26	1.8
6140	2	7499	0	2	6	2.8
6383	1	3054	0	1	8	2
3473	2	4229	0	5	1	3.4
4081	2	7710	1	3	23	1.7
699	2	1714	0	1	29	2.6
8981	1	6621	0	4	20	3.5
8548	2	5631	0	2	27	2.6
7185	1	7020	1	2	26	2
225	1	5331	0	2	15	2.15
5016	1	2829	0	4	26	2.8
9029	1	6306	0	3	15	2.45
2125	1	1037	1	1	12	1.7
1309	2	3214	0	0	17	1.5
1783	1	1375	0	0	20	2.6
8683	2	6621	0	2	29	3.4
7532	1	7780	0	0	23	1.9
6593	2	6184	0	1	1	2.6
8919	2	8865	0	3	21	2.5
3529	1	5312	0	2	10	1.84
8875	1	7931	0	2	22	2.5
3582	2	442	0	1	14	2.5
4775	2	1576	0	2	6	1.3
7775	1	5631	0	1	9	2
6955	1	6208	1	1	27	1.65
8295	2	8605	0	1	8	2.6
4288	1	6132	1	1	4	1
299	2	6843	0	1	19	2.4
3016	2	6271	1	2	25	1.5
6601	2	4000	1	1	5	1.5
5534	2	8321	0	2	20	2.2
7146	1	8191	0	4	10	2.2
6552	2	968	0	1	19	2.4
4555	1	3603	0	0	20	2.7
5303	1	1998	0	0	19	1.1
5931	2	5146	0	0	19	1.3
6217	2	7519	0	2	7	2.1
6558	2	1969	1	2	9	1.25
5671	1	6257	0	0	14	1.2
7029	2	1107	0	3	6	3.7
8012	1	6007	0	1	15	1.95
548	2	4192	0	2	11	3
5421	2	258	0	3	10	2.14
3774	1	7642	0	2	8	2.15
952	2	6006	0	0	12	1.5
1788	2	1725	0	5	12	1.6
900	1	970	0	4	11	1.8
7732	2	8082	0	3	22	1.8
6885	1	4101	1	3	19	1.5
2851	1	7201	0	2	21	1.1
7852	1	2654	1	0	6	1.1
7943	2	795	0	1	11	2.4
870	1	3762	1	2	3	1.7
6125	1	1674	0	1	12	1.95
2369	1	5928	0	2	12	2.4
6116	2	3747	0	1	4	1.425
4543	2	1622	1	1	29	1.9
4573	1	2317	1	2	27	1.575
608	1	2982	1	1	5	1.2
2019	2	4251	1	1	1	2
5290	2	1074	1	3	22	1.9
58	2	5815	0	2	13	2.5
1679	1	7622	0	2	1	2.2
6785	2	8316	0	3	4	2.7
4732	2	8896	0	3	10	2.34
5101	2	6110	0	2	16	2.4
7676	1	2052	1	4	7	1.7
7008	1	6520	0	4	9	2.7
1487	2	5631	0	2	8	2.2
2465	1	2975	0	3	27	1.75
7366	2	7510	0	5	16	1.6
6841	1	4	1	0	1	1
3439	2	1529	0	1	3	2.5
4818	1	6299	0	2	12	2.8
6260	2	7780	0	3	3	3
938	2	2982	0	1	3	2.7
1864	2	7434	0	1	5	1.6
600	2	5879	0	2	3	2.3
3572	1	2980	0	1	11	2.4
5122	2	4252	1	1	27	1.55
1725	1	4935	0	1	26	2.6
555	1	5881	0	2	16	3.1
2258	1	3048	0	1	3	1.6
3585	1	7287	0	0	8	1
4856	2	7448	1	2	22	1.9
8043	1	6102	0	2	25	2.3
3576	2	7873	0	2	10	1.84
3093	2	8293	1	3	23	1.7
2136	2	8901	0	2	4	3
4641	2	149	0	1	8	1.75
1842	2	3637	0	0	9	1.2
7129	2	382	0	5	15	3.3
7451	1	6858	1	5	23	2.3
599	1	1607	0	1	20	3
5960	1	8261	0	1	8	2.4
2048	2	4820	1	2	25	1.5
1569	1	8712	0	5	11	3.2
7544	2	8560	1	1	8	1.15
448	1	2611	0	1	12	1.8
8030	1	7374	0	1	9	2.2
8593	1	8063	0	3	27	2.4
6355	2	5499	1	4	15	1.65
3159	1	3476	1	3	9	1.6
6810	1	8896	0	2	1	2.3
2439	2	1568	0	2	2	1.8
4996	2	7417	1	0	29	1.7
4485	1	1037	0	3	7	2.1
6815	2	6110	0	2	22	2.6
991	2	8030	0	1	19	2.1
4853	1	2966	1	1	7	2
5243	2	5436	0	3	7	3.1
7342	1	1998	0	4	10	2.25
8389	2	695	1	1	20	2.4
7014	1	8567	0	3	3	3.1
8239	1	2250	0	2	5	1.4
3587	1	6208	1	1	27	1.85
4063	2	8973	1	4	1	1.8
6919	2	7499	0	1	3	3
2121	2	7664	0	1	19	2.9
5010	1	27	0	2	18	1.8
4153	1	1783	0	2	3	3.2
2635	1	5928	0	2	4	2.15
6764	1	5479	0	2	18	2
1325	1	7710	0	2	18	1.9
1093	1	1829	0	1	8	1.1
6562	1	3832	0	2	3	2.6
2814	1	1375	0	3	21	2
4341	2	3457	0	3	20	1.3
3657	1	6503	1	5	9	1.5
5964	2	173	0	2	1	2.6
6284	2	6937	0	0	27	1.65
177	1	5146	0	3	1	1.95
1088	2	3689	0	2	10	1.82
6484	2	7536	0	4	10	2.64
8215	1	8261	0	2	12	2.8
1775	2	5980	0	2	10	1.88
6465	2	382	0	4	1	2.25
2910	2	5314	0	2	7	2.4
3706	1	8732	0	5	13	1.75
7196	2	1515	0	2	13	2.4
1532	1	6161	0	2	16	2.7
5868	2	4358	0	1	29	2
7791	2	17	1	0	21	1
936	1	9021	0	5	27	2.8
549	2	2780	1	2	11	1.7
5150	2	8489	0	3	19	2.1
6797	2	8145	0	2	9	2.45
5809	2	403	0	0	1	1.3
7844	1	9017	1	2	6	2.2
8261	1	6106	0	2	7	2.4
8980	1	7898	0	1	9	2.4
1896	2	8345	1	1	9	2
7141	2	4822	0	2	18	2
8605	1	2966	1	1	7	1.9
409	2	2899	1	2	4	1.7
8542	1	6689	1	1	16	1.5
4053	2	6161	1	2	11	1.7
929	1	162	0	1	11	2.3
6148	2	1571	0	2	2	2.5
4354	1	2317	1	0	12	1.8
6893	2	1809	0	2	19	2.8
5714	2	1971	0	1	4	1.1
4827	1	7681	0	2	7	2
3765	2	3983	0	2	5	2.5
178	2	4110	0	3	10	2
8537	2	5981	0	1	1	1.7
6482	2	5542	0	5	1	2.5
8629	2	1622	1	2	20	2.1
2842	2	4805	0	1	29	1.8
8447	2	995	0	1	18	1.3
8098	2	7499	0	1	2	2.9
6977	1	1809	0	2	15	2.45
6215	1	5440	0	2	3	3.1
5575	2	7779	1	2	22	1.8
5978	2	516	1	2	9	2.1
1503	2	6521	1	4	10	2.04
2505	2	183	0	2	4	2.7
574	2	7564	0	5	3	4.3
4398	2	1037	1	1	12	2.15
7013	1	2062	0	0	5	0.8
6768	1	1221	0	3	22	2.4
4440	1	3986	1	2	6	1.4
745	1	5675	0	3	23	3.4
1833	1	8249	0	1	26	2.8
4505	1	4306	0	1	11	2.7
3520	1	6452	0	1	29	1.4
1548	2	5981	0	0	8	2.2
4844	1	7596	0	3	11	2.5
6714	1	5815	1	0	19	0.95
2597	1	5642	0	2	6	2.5
258	1	1833	0	3	15	1.9
6133	2	1164	0	4	22	2.4
5929	1	1456	0	3	15	3.15
8222	1	4934	0	4	13	2.6
2070	1	2926	0	3	5	2
7626	1	2317	1	0	12	1.8
8692	1	8341	0	2	23	2.2
2811	2	6161	0	2	18	2.8
2839	1	4903	0	2	18	2.1
6158	1	8971	0	2	25	2.2
8044	1	4514	1	2	12	1.8
1038	2	7684	0	2	18	1.9
3655	1	5556	0	1	26	2.3
8527	2	6299	1	2	13	2.5
8145	1	52	0	3	7	2.4
346	1	4031	0	1	11	2.2
6435	1	8729	0	4	23	2.7
983	1	765	0	2	16	1.6
6230	2	7684	0	2	2	2.3
5057	1	7751	0	2	2	2.4
7009	1	8877	0	3	4	2.3
51	2	7068	0	0	3	1.2
3058	2	4192	1	2	16	2.1
2928	2	8526	0	3	11	2
7336	1	6110	1	2	11	1.7
960	1	7564	1	2	6	2.7
6169	2	9021	0	2	13	2.5
4406	1	3840	0	2	7	2.2
7413	2	3782	0	4	19	1.9
2460	1	2682	1	2	23	2.1
6268	1	4749	0	0	13	0.4
169	2	8364	1	3	11	1.5
2330	1	6520	0	2	13	2.7
2887	2	5410	0	5	7	3.9
8849	2	2697	1	2	22	2.2
2890	1	8145	0	1	15	1.95
6647	1	2980	0	3	22	1.9
7651	1	5881	1	3	12	1.6
7249	1	7760	0	1	26	2.4
7986	1	8946	0	3	15	1.75
4279	1	2306	0	1	11	2
6935	2	8293	0	2	14	2.6
6799	2	6503	1	5	9	1.675
1671	2	8316	0	1	7	2.45
6579	2	3659	0	2	18	2
6750	2	3196	0	0	23	0.6
7495	2	2682	0	1	6	2.2
5635	1	6843	0	1	8	1.8
2154	2	8866	1	0	17	1.9
8338	1	5499	1	0	1	0.9
769	2	7636	0	3	7	2.7
5897	2	4626	0	2	16	2.6
3566	2	5239	0	0	17	2.3
8147	1	335	1	4	15	1.8
8740	1	8810	0	3	23	2.6
7528	1	6792	1	2	23	1.7
3801	1	2476	0	2	5	1.7
7857	1	8293	1	2	18	1
493	1	4256	0	3	4	1.95
5108	1	3926	0	2	2	2
6311	1	903	0	3	1	2.45
687	1	9023	0	2	2	1.9
945	1	2780	1	2	2	1.2
7262	2	8316	1	1	12	1.95
4160	2	465	1	1	18	1.7
6352	2	3837	0	2	12	2.35
1136	1	6831	0	2	6	2.7
1623	1	7201	0	2	21	1.5
5066	1	9017	1	2	18	2
8885	1	7642	1	1	13	1.5
2076	2	1505	0	0	8	1.25
6909	1	1689	0	5	8	1.85
5005	1	7861	0	5	15	2.9
5236	1	5108	0	1	11	1.6
7181	2	6892	0	3	15	2.2
7606	1	8978	0	1	19	2.6
1915	1	4256	0	1	2	1.1
2936	1	8913	0	2	11	1.6
5922	2	4781	0	1	16	3
4139	1	450	0	1	12	1.05
3302	2	3733	0	3	9	2.5
9006	2	8102	0	3	1	1.6
4289	1	5550	1	2	11	1.3
1580	2	1241	0	3	15	2.25
6784	2	5419	0	2	21	2.1
7931	1	7201	1	3	5	1.7
8547	2	5084	1	3	26	2.5
8358	1	7068	0	1	22	2.4
6524	2	6765	0	2	18	2.7
7551	2	3650	0	4	1	2.55
6961	2	7432	0	2	8	2.2
7182	2	5499	1	3	27	1.6
8011	2	382	0	2	19	2.6
8870	1	2635	0	1	27	1.35
6971	2	3733	0	1	26	2.4
141	2	8526	0	2	4	2.85
6162	1	6006	0	5	19	3
1125	1	5108	0	2	14	1.9
8623	1	3834	1	1	18	1.1
6685	1	3603	0	1	29	2.3
7862	1	8293	1	2	7	2.2
6120	1	8342	0	2	22	2
2731	2	8740	0	5	7	3.5
4663	1	5516	0	0	7	1.1
6953	1	81	0	3	11	1.7
406	1	1725	0	1	27	2.95
2272	1	5499	0	4	13	2.3
3376	1	6778	0	2	25	1.8
4107	2	5673	0	1	11	2.6
5846	2	8729	0	1	5	1.1
8580	2	587	0	1	29	3.1
1800	2	2913	0	3	6	2.9
260	1	7519	0	3	4	1.75
4132	2	8376	1	2	12	1.55
7140	1	6161	0	3	5	1.7
6970	2	5564	0	3	19	1.6
40	2	2966	0	0	12	2.7
774	1	8021	1	5	8	1.7
2688	2	6384	0	2	23	1.6
7906	1	2034	0	2	13	2.2
673	1	5312	0	1	1	1.65
9053	1	5108	0	2	12	2.4
6510	2	3506	0	2	16	2.9
6916	2	8788	0	2	5	1.9
4575	1	1969	1	1	15	1.8
3799	1	8685	0	2	4	3.1
570	2	1568	0	3	23	3
8472	2	7421	1	2	20	2
8166	1	6015	0	3	22	2.3
9015	1	1286	0	5	16	1.6
5985	1	6096	0	4	10	1.95
5590	1	3766	0	1	29	1.6
4653	2	7434	0	1	29	2.6
7448	1	6792	0	2	5	2.1
7157	2	1375	0	2	5	2.7
3641	1	8732	0	2	8	2.1
8970	1	2062	0	2	22	2.5
4224	2	4265	0	3	15	2.7
2184	1	4358	0	1	3	1.8
8528	1	3719	0	4	1	2.65
2608	2	2279	0	0	12	1.75
7277	2	1833	0	1	9	2.45
4863	2	7506	1	2	16	2.4
2388	2	7615	1	2	8	1.85
4273	1	2769	0	1	27	2.35
3936	1	3483	0	5	12	1.55
2404	2	4482	1	3	16	2.3
7519	1	6159	0	5	11	2.8
28	1	4514	1	4	4	1.4
3694	1	3476	1	3	27	1.35
2861	1	1107	1	3	23	2.1
4795	1	5580	1	2	27	1.05
5387	2	7263	0	2	1	2.3
546	1	5371	0	3	9	2.65
6873	2	3801	0	2	23	1.6
564	2	1916	1	2	6	2.2
6775	1	7929	0	2	18	1.8
5891	2	465	0	2	2	2.6
442	1	2515	0	2	2	2
1751	1	5009	0	2	16	1.8
8479	1	4820	1	1	29	1.6
5780	2	7888	0	2	19	2.05
8973	1	255	0	1	13	2.5
1021	2	3644	0	0	21	1.5
2813	2	772	1	1	8	1.45
2742	1	7892	0	3	5	2.2
7314	2	6215	0	2	5	2.1
2544	2	5357	0	3	9	3.25
3586	1	5959	1	1	11	1.7
8368	1	968	0	4	9	1.45
8668	1	64	1	4	23	1.8
4059	2	3857	0	2	13	2.95
391	1	3879	1	0	1	1.35
2963	1	6300	0	0	25	1.9
5654	1	6645	1	0	5	0.7
812	2	7979	0	1	19	1.45
4482	1	9017	0	2	5	2
6377	2	5831	0	2	22	3
3776	1	5296	0	2	7	2.4
7244	2	3914	0	0	17	2.7
6163	2	3065	0	2	20	2.5
4195	1	5920	0	4	15	2.65
4920	1	2823	0	1	9	1.95
5388	1	7519	0	2	12	1.85
1925	1	3366	0	3	11	2
6952	1	5670	0	2	7	1.7
203	2	1568	0	5	4	1.75
3574	2	2839	0	2	16	2.2
6643	2	2274	0	5	11	1.6
1105	1	240	0	2	18	2.7
2497	1	6778	0	2	5	1.8
3232	2	5631	0	1	26	2.2
44	1	4328	0	2	23	2.6
4966	2	3356	0	5	7	3
1112	1	4514	1	2	12	1.4
7334	2	3871	0	2	14	2.4
3787	1	3027	1	1	29	1.4
3171	2	6621	0	2	6	3.1
8509	1	8281	0	2	15	2.5
1067	1	7840	1	2	16	2.6
2776	2	3015	0	2	23	2.9
6563	2	2654	0	0	20	2.6
7957	1	229	0	1	13	2
4518	2	6849	1	2	11	1.8
4444	2	6526	0	1	12	2.7
8288	2	5057	0	3	4	2.6
1411	1	1456	0	2	8	1.8
4025	2	5920	1	4	27	2.8
648	1	6441	1	2	9	1.6
7061	1	1858	0	4	10	2.28
8884	1	745	1	3	22	1.6
6610	2	2857	0	0	21	1.9
4973	1	2134	0	2	16	2.3
9050	2	5635	0	1	1	2.5
7728	2	6276	0	3	13	2.3
2689	2	5879	0	1	11	2.7
237	2	5956	0	5	4	2.1
5535	2	4049	0	2	20	1.4
3119	1	8293	1	3	23	2
3727	1	6487	0	1	16	2.4
7790	1	3785	1	1	26	1.7
5851	2	2134	0	2	6	1.5
5282	1	745	1	1	12	1.7
109	2	8669	0	1	6	3
7517	2	6102	0	1	29	2.5
7907	2	1760	0	2	9	2.35
8427	1	1900	0	2	25	2.5
751	1	582	0	4	14	2.3
6477	1	2452	0	1	11	1.9
7049	1	2769	1	2	19	1.55
19	1	5981	1	1	19	1.95
5228	2	8289	0	2	6	2.4
1023	1	52	1	1	12	1.55
6973	1	7898	0	4	13	2.5
976	1	4822	0	2	25	2.4
2502	2	2004	0	0	9	2.65
5997	1	5773	0	2	18	1.7
2817	2	5103	0	1	20	3.2
511	1	5193	0	2	25	2.3
2715	2	1042	0	1	20	2.6
216	1	183	0	3	22	1.7
3995	2	1142	1	1	3	1.9
2769	1	5108	1	2	26	1.8
7034	1	6174	0	3	3	3.1
7751	1	6365	0	5	3	1.7
6530	1	1529	0	0	17	2
6748	2	3948	0	0	29	1.9
777	2	2034	0	2	9	2.25
6448	1	2982	0	2	18	1.6
2789	1	8600	1	2	22	2
8029	1	8738	0	2	26	2.6
1179	1	4783	0	1	14	1
23	2	7424	0	1	16	2.2
6289	1	173	0	1	10	2.3
4020	2	7780	0	1	20	2.3
5553	1	9017	1	1	18	1.5
3565	1	5675	0	3	22	2.7
4123	2	6208	0	2	26	2.6
7478	1	2457	1	2	20	1.3
2562	1	7716	0	1	1	2.05
478	2	27	0	2	22	2.5
8013	1	7564	1	2	6	1.9
6104	2	6306	0	2	10	1.96
8448	2	4167	1	3	13	1.6
8381	2	6487	0	3	22	3
5968	1	1971	1	2	12	1.85
8825	2	9040	0	1	18	1.6
191	1	7816	0	3	6	1.5
3482	1	240	0	0	21	1.5
8015	2	5193	1	3	6	2.9
6304	2	5859	0	1	1	2.3
923	1	552	1	2	23	1.6
2958	2	3857	1	1	12	1.7
2297	2	5314	1	2	11	1.2
8052	1	6132	0	3	7	3
3688	2	3983	0	2	25	2.1
717	1	7638	1	1	2	0.6
4910	2	3149	0	4	19	2.35
8278	1	3879	1	1	27	1.55
8369	2	1622	1	2	20	2.1
4060	2	3687	0	1	14	2.1
1197	1	5565	0	3	19	1.7
5589	2	8913	0	4	4	2.1
4503	2	3637	0	2	27	1.9
790	1	5108	1	0	7	0.95
5396	1	4358	0	1	20	1.6
3850	2	1607	0	1	21	2.7
5808	2	442	0	2	22	1.7
9027	1	125	0	5	27	3.4
2938	2	4101	1	3	19	1.6
2002	2	1607	1	2	23	2.3
6370	1	7596	0	3	22	2.2
401	2	8973	0	4	27	1.95
1952	2	8866	1	2	20	2.3
590	1	7840	0	2	18	1.6
7096	2	5881	1	2	7	2.4
182	2	8376	0	1	18	1.2
6857	2	3432	0	3	22	2.5
3483	1	2635	0	2	26	1.8
193	1	1969	1	1	19	1.85
6860	1	2633	0	2	5	2.1
234	1	7515	0	4	1	1.9
4446	2	4485	1	1	12	2.15
3742	1	1564	0	0	19	0.85
6938	1	1692	1	1	29	1.6
852	2	7312	0	3	10	1.98
5408	1	476	0	0	5	0.8
4022	2	3483	1	2	15	2.15
857	2	8063	0	1	9	2.35
5335	1	5859	0	1	19	1.9
7126	2	2152	0	1	18	1.1
2892	1	3857	1	1	9	0.9
1634	1	2515	0	4	4	1.7
1295	2	7638	1	1	2	0.8
981	1	695	1	3	23	2.2
8410	1	945	0	1	11	1.8
2392	1	844	0	1	6	2.1
2513	2	6516	0	4	16	2.2
5583	1	7663	0	2	26	2
7838	2	901	0	1	2	1.5
1899	1	9023	0	1	7	2.6
4326	2	556	1	2	6	2.1
7580	2	1085	0	1	18	1.2
8592	2	8268	0	3	10	2.42
7378	2	5181	0	2	15	1.9
7431	1	8567	1	2	18	1.6
1647	1	5287	0	2	22	2.7
8362	1	5580	1	0	13	1.3
7536	1	3111	0	3	27	2.9
350	2	5503	1	1	13	2
5065	2	5938	0	1	6	0.9
7623	2	3785	0	2	13	2.55
1108	2	7813	0	1	27	2.35
4129	2	762	1	2	16	1.5
209	2	1375	0	2	23	3
6856	1	2196	0	5	7	1
5894	1	2633	1	3	6	1.6
5037	2	4854	0	4	26	3.3
1872	2	6161	1	3	2	1.5
3203	2	311	0	4	10	1.62
1848	1	3839	0	1	15	2.6
5495	2	263	0	3	4	2.8
430	2	14	0	1	13	2.45
3989	2	552	1	2	23	2.1
4764	1	7584	0	2	23	1.8
9012	1	3356	0	2	27	1.45
6820	2	3592	0	4	15	3.1
5887	2	668	0	1	29	1.9
1123	1	5556	0	1	15	2.3
4381	2	5499	1	5	9	1.65
2342	2	8293	1	2	22	2.6
2201	2	2069	0	4	13	2.7
1072	2	3065	0	2	25	1.8
1904	2	2656	0	5	11	1.4
2780	1	1607	0	1	29	3.2
7251	1	1833	0	2	27	2.25
1476	1	5673	1	2	22	1.5
5149	1	7898	0	1	15	1.95
8636	2	7877	1	3	9	2.1
1126	2	3065	0	1	21	1.2
6879	1	8600	0	2	18	2
6493	1	3655	0	2	15	2.35
1993	1	2700	0	4	23	2.8
789	2	7568	0	2	19	1.4
6932	1	1969	0	5	12	1.45
6211	2	5542	0	5	9	3.15
2234	2	5436	0	2	26	3.1
2441	2	403	0	2	10	1.62
1310	2	6477	0	2	8	1.9
8711	2	3328	0	2	19	2.6
6254	2	3994	1	3	12	2
1796	2	7374	0	2	1	2.9
3740	1	2934	0	0	12	1.45
3912	2	3832	0	2	6	3.2
8324	1	4565	0	4	10	2.44
2075	2	4114	0	0	1	1.9
6805	2	3644	0	1	29	2.1
6703	2	4538	0	3	9	2.6
6665	2	3432	1	3	2	1.4
4840	2	695	1	3	23	2.5
8194	1	1195	0	0	17	2.3
6107	2	7020	0	2	7	2.45
8879	1	4167	1	3	13	1.4
5995	1	3015	0	1	11	2.4
4029	1	5900	0	2	12	3.1
2116	2	8567	0	1	5	2.9
4156	2	552	0	2	25	2.8
7956	1	240	0	2	3	3
1446	2	4935	0	1	12	2.7
1386	1	5921	0	1	29	1
5368	1	1654	0	0	17	2
6547	2	3846	0	1	5	2.2
2704	1	3747	0	4	26	3
4526	2	1539	0	4	15	2
3258	1	582	0	2	11	2.6
6454	1	4000	1	2	6	2.2
324	1	4373	0	2	1	2.1
5	2	4373	0	1	10	0.88
7443	2	4	1	4	1	1.6
2983	2	906	0	0	17	1.3
5655	2	3733	0	4	13	2.8
3511	2	2980	1	1	7	1.5
6171	2	3015	0	2	2	1.4
7481	1	1299	0	4	10	1.9
8072	2	795	0	3	6	2.3
4824	1	745	1	2	7	1.8
1218	1	104	0	1	8	2.4
4105	1	6850	0	1	21	2
3147	2	8526	0	1	14	2.4
2142	2	4192	0	1	23	0.8
2660	1	8274	0	3	22	2.2
8299	1	183	1	2	7	1.9
6164	2	5550	1	4	7	1.4
2702	2	4485	1	1	13	1.7
3534	1	3840	1	5	12	1.6
557	1	5436	1	2	13	1.5
7729	2	8261	1	3	13	1.7
7326	2	5550	0	2	16	2
4551	1	6182	0	1	20	2.6
5580	1	4770	0	4	7	3.1
2555	1	5624	0	3	19	2.3
183	1	331	0	2	2	1.7
2590	1	8732	0	1	12	2.3
7346	2	1472	0	2	7	2.35
5930	2	1568	0	5	14	1.4
507	2	6645	0	5	11	2.1
3699	2	7779	0	1	5	1.4
159	2	5022	0	5	10	2.42
1787	1	5325	0	1	5	1
788	2	8901	1	3	12	2.3
5527	1	339	0	2	3	2.9
3698	1	8970	0	2	7	1.95
2758	1	4807	0	4	10	1.45
1151	1	7287	1	3	19	1.55
4363	2	1860	0	2	12	2.5
5293	1	3846	0	2	25	2.1
4916	2	3832	1	2	23	2.2
315	2	511	0	2	3	2.2
8212	1	2467	1	1	7	1.6
7135	2	4356	0	2	12	2
7817	2	7779	1	3	18	1.4
6094	2	5960	0	1	27	2.65
6278	2	2780	1	4	6	2.2
1901	1	936	0	0	15	0.95
8776	1	3227	0	4	12	1.6
6285	1	3971	0	1	1	2.7
5133	2	6831	0	2	18	2.5
6424	2	3785	1	3	19	1.85
6898	1	2985	1	2	9	1.65
8480	2	7333	0	3	19	3
8172	2	7979	0	2	10	2.8
4628	2	6843	0	1	27	2.45
7363	1	7506	0	2	18	1.9
483	1	7873	0	5	19	2.1
4400	1	2966	0	1	18	1.6
6526	1	9023	0	2	14	2.5
6018	2	2654	0	1	21	2.6
2144	2	2697	0	4	14	1.8
5006	1	4836	0	2	25	1.8
1245	2	7068	0	2	23	3.2
3990	2	7221	0	2	2	2.1
795	1	7613	0	1	29	2.5
1054	1	1656	0	1	29	2
6041	1	3986	1	2	11	1.7
3510	2	8202	0	1	15	2.85
4895	1	14	0	1	9	2.35
5507	1	7664	0	2	27	1.9
7964	2	8030	0	2	15	1.7
5240	1	7510	0	2	4	2.3
3508	2	8848	1	2	6	1.5
1401	2	6477	0	2	4	2
8135	2	5981	0	2	13	3
2730	1	6252	0	4	14	2.1
6577	2	8835	1	0	5	1.3
1096	2	8079	1	0	8	1.45
831	2	8234	1	3	18	1.6
760	2	809	0	0	14	1.5
5672	2	6335	0	1	29	2
4500	1	2467	0	2	22	1.5
1790	2	5084	0	3	7	2.5
4236	2	2658	1	2	26	2.05
7399	1	6208	0	1	8	2.6
2870	1	668	0	2	18	2.6
4052	1	8361	0	1	9	2.2
7952	2	4822	0	1	21	1.8
5358	2	916	0	4	22	3.8
243	2	2186	1	2	27	1.3
6024	2	5067	0	2	19	1.9
5413	2	1674	1	1	7	1.2
3066	1	6106	0	2	8	2.15
7298	1	1107	0	1	2	1.2
4956	2	8108	0	2	20	3.1
7205	1	692	1	0	16	2.6
5804	2	6858	0	0	29	2.5
3909	2	2250	1	3	23	1.8
5853	2	5287	0	3	11	2.6
5834	2	7439	0	4	13	2.4
2520	2	6994	1	2	9	1.45
6113	2	2476	0	1	6	2.2
8159	1	5959	1	1	11	1.3
4954	1	132	0	2	1	2.25
627	2	2963	0	5	3	3.1
6902	2	5879	0	2	5	2.2
4102	1	7380	0	2	23	1
3832	1	4715	1	0	20	1.9
2230	2	6161	0	2	3	2.2
8507	1	5920	1	3	12	1.45
3208	1	2265	0	3	15	2.4
4145	2	6299	0	0	8	2.15
1350	1	5340	0	1	27	1.9
4196	2	8605	0	2	26	3
8546	2	1398	0	2	13	1.3
8264	2	1198	0	1	29	1.9
4122	1	7751	0	1	7	2.5
4587	1	5084	1	4	8	1.45
6338	1	3926	0	1	5	1.6
5245	2	3754	0	3	12	2.5
7380	1	6621	0	2	5	2.9
1879	2	6346	0	0	7	0.8
5532	2	4983	0	1	18	0.9
4673	1	4328	0	1	29	2.5
1711	1	1662	0	0	19	0.95
2795	1	1705	0	3	19	1.95
110	1	3432	0	0	5	1.4
8555	2	8427	0	3	3	2.1
9057	2	2635	0	1	13	2.5
651	2	5312	0	2	19	1.7
4191	1	2665	1	4	23	2.5
6069	1	3843	0	1	9	2.5
4871	1	6858	0	0	20	2.7
4445	2	3356	1	2	26	2.2
2488	2	1607	1	1	23	1.6
6997	1	2069	0	3	8	2.35
4386	2	3366	0	2	16	1.7
1180	2	8533	0	2	15	2.5
5311	2	8491	0	2	1	2.5
5607	1	1456	1	2	19	1.4
7374	1	6299	0	1	26	2.5
698	1	5033	1	0	19	0.75
544	2	5881	1	5	14	1.8
8965	2	6300	0	4	3	2.4
625	2	8533	0	3	12	1.8
1203	1	4195	0	2	10	1.92
2107	2	5314	0	2	2	1.7
5942	1	3785	1	3	19	1.4
4463	1	4506	0	1	20	3.3
6966	1	240	0	0	6	2.6
7513	1	2843	1	1	6	1.5
2969	1	2452	0	2	14	1.6
8354	1	7219	0	3	8	2
6129	2	4192	0	1	2	1.7
4478	2	263	0	5	14	2.5
4306	1	8841	0	4	23	2
7992	1	7638	1	2	16	1.4
6675	2	1042	0	0	17	1.8
4281	2	5631	1	0	15	0.9
5172	1	1221	0	1	18	1.6
8996	2	3747	0	1	13	3
5459	2	6027	1	3	6	2.1
2370	1	8345	1	1	27	2.05
7603	2	8504	1	0	8	1.25
2447	2	3015	1	2	22	1.7
4565	1	8407	0	4	13	1.9
2065	1	7842	0	2	2	1.9
1579	2	1916	1	2	16	2
5197	1	7312	0	3	1	2.8
7575	1	4888	0	5	19	1.95
1046	2	5169	1	1	26	0.75
7967	1	4783	0	5	12	2.8
2352	1	4553	0	1	18	1.6
5380	1	762	1	3	11	1.6
6908	1	2682	0	1	29	2.3
3248	1	3162	0	1	11	2.1
1215	1	3874	0	3	22	1.3
3025	2	2700	0	2	18	2.5
6223	2	6443	0	3	4	2.15
5230	1	2945	0	4	27	3.05
2974	1	7956	1	2	2	1.6
2290	1	2279	0	3	9	2.05
516	1	6516	0	2	4	2.05
677	1	6208	0	1	13	2.4
5993	2	6587	0	4	11	2.8
6110	1	3137	0	3	23	3.1
632	1	5371	1	1	15	1.45
3506	1	2665	0	2	5	2.7
5278	2	7374	0	1	15	3.2
6467	1	2004	0	0	8	1.1
5100	1	8145	0	0	19	0.75
6899	2	6007	1	3	1	1.5
5728	2	3082	0	2	8	2.4
6543	2	582	0	2	16	3.2
6882	1	2975	0	1	1	1.85
3130	1	2034	1	4	19	2.3
245	1	5169	0	3	4	1.55
1542	1	3164	0	2	1	2
8834	2	8734	0	0	5	1.8
397	2	256	0	4	1	2.3
5763	2	3843	0	3	27	2.65
671	1	3867	0	1	11	2
5448	2	5550	0	2	22	2.1
8430	2	5440	1	3	18	2.1
2622	1	255	0	3	12	2.7
4257	1	4412	0	2	21	1.5
5917	2	7287	0	2	13	2.2
8581	2	7003	0	2	19	3.2
2934	1	8004	0	0	26	1.9
2080	2	8740	0	1	11	2.6
2111	2	8361	0	2	15	2.25
8901	1	3376	0	2	2	2.1
8519	1	556	1	3	18	1.5
1486	2	4626	1	1	11	1.3
2195	2	3986	1	3	23	2.1
4528	1	3916	0	4	26	1.8
847	2	173	0	2	15	2.95
4945	2	366	0	0	17	1.3
3329	1	7840	1	2	22	2.2
5296	1	2974	0	4	16	1.5
5451	2	2798	0	1	22	1
5819	1	4506	0	2	25	1.8
5266	1	6487	0	1	5	1.4
2024	1	6179	0	4	1	2
645	2	6520	0	1	8	2.1
6708	1	1136	0	0	5	1
8250	2	2253	1	1	11	2.2
7596	1	1260	0	5	5	2.4
4903	1	1199	0	2	20	1.2
1912	1	8202	0	2	8	1.75
8678	1	3270	0	2	22	3.6
2351	2	7287	1	2	27	1.55
8431	1	1257	0	2	22	2.2
8896	1	2945	0	3	9	2.3
3223	1	546	0	2	19	1.9
5496	1	3994	0	1	18	0.9
8247	1	7840	0	1	11	2.7
4141	2	6505	0	2	27	2.5
8282	1	1647	0	0	14	1
8171	1	5084	1	0	4	0.775
1304	2	7075	0	1	29	1.8
4885	2	351	0	2	26	3.4
1805	1	556	1	2	3	1.7
3162	1	3986	0	1	5	2.1
7576	2	2974	0	3	22	2
7123	2	6110	0	2	7	2.1
3751	2	99	0	2	11	1.6
3532	1	1916	0	2	20	2
6516	1	8600	0	2	2	2.8
8539	2	8261	0	2	26	3
5394	2	3376	0	1	11	2.7
2253	1	7541	0	3	23	3.9
7611	2	5422	0	1	20	2.1
2157	2	821	0	0	21	1.7
5442	1	3719	0	2	15	2.25
1086	1	8973	1	3	19	1.65
1905	2	4252	1	3	1	1.8
4435	2	183	0	1	26	2.9
3257	1	8489	0	4	15	2
8327	1	3356	1	4	13	1.6
5732	1	64	0	2	6	1.6
6401	2	7421	1	2	20	2.8
8237	1	6214	0	3	18	1.7
3006	1	4182	0	3	10	2.04
1546	2	4538	0	3	15	2.8
2449	2	3027	0	2	20	2.6
3986	1	8848	0	1	29	2.9
6263	1	6689	0	2	6	1.3
67	2	8567	0	3	22	2.2
2114	1	8345	0	2	12	2.95
6629	1	6102	1	3	6	2.7
685	1	8364	0	2	18	2.4
7835	2	2623	0	5	9	3.1
6317	2	6765	0	2	22	3
2698	2	5340	0	1	10	1.32
7048	1	6215	1	1	22	1.5
518	1	5981	0	2	27	3.05
8895	2	27	0	1	11	2.2
7364	1	6850	0	0	17	2.8
6386	1	149	0	1	2	1.2
3053	2	6208	1	5	19	1.7
7639	2	6174	0	1	29	3
4734	1	7432	0	1	4	1.4
4414	2	7201	0	2	18	2.5
6307	2	2186	1	5	15	1.75
793	2	218	0	2	4	1.1
3231	2	8600	1	2	16	2.7
8307	2	3568	0	0	21	1.3
8229	2	1398	0	0	4	0.4
3386	1	1372	0	2	6	2
8679	2	4552	1	0	9	0.925
609	2	1949	0	5	4	2.2
6132	1	2476	0	2	16	2.4
2162	2	4167	0	2	14	2.2
1327	2	8605	0	1	9	2.4
1674	1	4167	0	2	11	1.9
4142	2	4049	0	0	17	1.6
8062	2	1805	0	4	23	3.7
8903	1	8108	1	1	29	1.7
4488	1	6792	1	3	6	2.4
5773	1	8321	0	2	5	2.5
5235	1	7638	1	0	11	1
1228	2	240	0	1	29	2.8
8414	2	2769	0	1	8	1.2
476	1	3376	0	1	3	1.8
3932	2	4714	0	3	19	2.35
7309	2	8021	0	3	27	2.7
4238	2	4153	0	4	14	2.6
3253	1	6526	0	2	26	2.5
4235	1	1760	0	2	13	2.15
4581	2	801	0	3	22	1.9
5400	2	6299	0	2	15	2.55
5391	1	1911	0	1	29	1.1
841	2	3668	0	0	5	1.7
1860	1	6252	0	4	16	2.4
6575	1	3914	0	0	23	0.7
1143	1	2922	0	3	12	2.2
7727	1	6692	0	1	1	2.2
5669	2	7584	0	3	2	1.8
5095	2	5331	0	2	9	2.15
2095	2	6214	0	1	23	2
8160	2	7068	0	4	16	2.3
1910	1	3227	0	2	13	2
3873	1	8692	0	2	7	2.4
7638	1	1916	0	3	23	3.3
6064	1	772	0	1	19	2.3
665	1	7014	0	2	6	1.9
7076	1	1037	1	0	4	1
6042	2	7877	0	3	19	2.6
1719	2	6340	0	3	19	1.8
6127	1	2985	0	2	13	2.8
6521	1	3558	1	1	27	1.5
4793	2	1505	1	5	9	1.9
1538	1	4202	0	2	19	2
3647	1	6306	0	4	19	2.3
2700	1	6858	0	4	3	3.1
4891	2	7956	0	2	23	2.6
5494	1	8209	0	0	17	2.3
8689	2	6706	0	3	23	2.7
7793	2	8028	0	1	29	1.3
5818	1	5881	0	2	2	1.5
8644	2	8796	0	1	24	1.5
5063	2	4306	0	4	22	3
1893	1	6776	0	0	17	1.8
7023	2	2515	0	5	14	2.9
933	2	5691	0	2	11	2.3
8241	2	6232	0	0	22	3.4
4991	1	6846	0	2	27	2.45
1772	2	4037	0	2	1	2
4835	1	8533	0	2	8	1.65
1565	1	6755	1	1	6	1.9
1152	1	7568	0	2	10	2.38
4552	1	6516	1	1	7	2.1
6689	1	8788	0	2	3	2.8
7223	1	2317	0	1	8	2.9
2353	2	7892	0	3	20	3.1
3313	1	5262	1	2	20	1.8
604	1	8364	0	1	6	1.6
1141	2	2780	1	3	18	2
5090	1	2052	1	2	11	1.8
791	2	3227	0	1	9	2.1
1018	2	6994	0	2	13	2.4
4373	1	8605	0	2	27	2.7
4531	1	5340	1	3	15	1.65
3705	2	1106	0	2	19	2.35
5361	2	3762	1	2	3	2
2151	2	8361	0	1	12	1.1
6958	1	4153	0	2	5	1.4
8348	1	7510	0	2	11	2.4
7758	1	6325	0	1	1	2
3126	2	5915	0	3	10	1.9
2778	1	7814	0	1	29	2.3
1181	1	7249	0	0	12	1.375
8843	1	503	0	2	5	1.6
1154	2	1085	1	3	22	1.6
5121	1	7877	0	5	27	2.95
3332	1	1969	0	1	13	2.6
3717	1	1983	0	3	14	1.7
8719	1	4836	0	3	6	3.2
5115	2	6858	1	1	5	1.4
6713	1	4426	0	3	13	1.45
7143	2	8526	0	3	12	3.2
3671	1	6487	0	1	11	2.3
6443	1	8293	0	2	2	2.4
6324	1	3994	1	2	11	1.7
5247	1	6001	0	3	22	2.3
6576	1	5545	0	1	29	1.2
7255	1	6414	0	1	8	1.1
31	2	2708	0	2	20	3.5
5899	1	6222	0	2	19	2.4
6846	1	916	0	5	14	3
2556	1	7664	0	2	1	2.45
8739	2	3539	0	1	8	2.1
2211	1	2186	0	3	9	1.05
3862	2	14	0	2	1	2.9
4584	1	3054	0	1	13	2.5
2972	1	516	0	2	26	2
7921	1	1544	0	2	15	1.7
4327	2	6106	0	5	27	3.15
2064	1	8678	0	1	13	2.4
1511	2	4672	0	1	8	0.9
2835	2	2452	0	5	4	2.15
3132	1	5359	0	2	27	2.05
3737	2	5900	0	1	26	2.8
5758	2	7663	0	4	7	2.7
39	2	6	0	1	12	2.25
2726	1	1164	0	1	11	2.4
6105	2	2985	0	0	12	1.15
8920	2	64	1	2	22	1.6
6298	1	5057	0	1	12	3
7917	2	6516	1	3	12	2
7756	1	7448	1	1	16	1.7
6165	1	7222	0	3	16	2.6
2421	1	4182	0	0	19	0.9
7206	2	7751	0	1	22	2.3
4892	1	745	1	2	7	1.7
8438	2	6765	0	1	11	2.3
9023	1	8293	0	2	5	1.8
8357	2	4822	0	1	5	3.1
7905	2	8901	0	1	11	2.2
3432	1	6102	1	1	3	2.3
6959	1	4000	1	1	5	1.5
1380	2	1568	0	1	5	1.5
5369	1	1983	0	2	7	2.3
5606	2	1479	0	2	2	1.7
6986	1	8978	0	4	15	3.1
8659	2	3762	0	2	6	3
2651	1	1809	0	3	10	1.68
4648	1	1416	0	2	29	1.8
4676	2	183	0	3	14	2.4
1743	1	3971	1	2	27	1.85
7101	2	8004	0	1	15	2.4
3457	1	1042	0	1	21	2.1
7341	2	2526	0	4	27	1.7
1998	1	2769	0	5	15	3.2
4277	1	4455	0	2	19	2.2
7311	1	1515	1	0	4	0.6
2800	2	5881	0	1	11	3
1438	2	8234	0	1	11	2.5
5639	2	6764	0	2	11	1.7
2494	2	1840	0	2	1	2.65
5181	1	1969	1	2	9	1.45
5343	1	7840	1	2	22	2.2
7669	1	6645	1	0	5	1
4804	1	8082	0	1	2	1.1
1600	2	1195	0	1	20	3.3
7932	2	8063	0	4	12	1.7
6004	1	580	0	2	3	0.9
3785	1	4031	0	1	7	2.5
283	1	2173	0	5	7	1.1
6813	2	5881	0	2	4	2.55
4520	2	2656	0	4	4	2.35
1296	2	6977	0	5	10	2.28
3315	1	3015	0	2	18	2.4
5657	2	64	1	2	22	1.6
3756	2	6027	0	1	29	2.6
3177	2	3267	0	1	29	3.4
2526	1	3754	0	2	8	2.2
2657	2	8600	1	1	11	2.1
8313	2	2899	0	3	7	2.6
4713	1	5959	1	2	22	1.7
7715	2	7908	0	2	23	3.2
8180	1	2966	0	1	11	2.7
8363	2	8341	1	0	24	0.8
1871	2	8560	0	1	12	2.35
568	2	861	0	4	17	3
4887	1	3137	0	2	16	3.2
7202	1	8321	0	1	18	2.8
3090	2	255	0	2	8	2.25
6845	2	4426	0	2	26	2.8
7103	1	1969	0	3	8	1.65
1107	1	8108	0	1	21	1.8
3857	1	8341	0	2	7	2
1463	1	968	0	5	1	2.85
7028	2	2240	1	1	29	1.6
3059	1	7584	0	2	18	1.9
5167	2	1622	1	2	6	1.9
6170	2	2253	1	1	11	1.8
1859	2	7451	0	4	22	2.5
2885	2	4739	0	4	8	2.1
1663	1	8600	1	2	16	2.2
8283	1	8341	0	3	4	1.95
7564	1	3514	0	1	20	2.7
1615	1	3435	0	0	10	1.06
5878	1	1568	0	2	6	1.8
3092	1	4739	0	3	27	2.6
3080	1	8082	0	2	7	2
8796	1	3270	0	4	14	2.5
3342	2	6998	0	1	10	1.58
3942	2	4256	1	2	26	2.1
5142	1	75	0	5	22	2.4
4679	1	4871	1	2	23	2.2
8349	2	335	1	4	15	1.35
1205	1	5895	1	0	26	1.6
6344	2	3747	0	2	1	2.3
5196	2	4871	0	1	29	1.4
1624	2	6768	1	0	9	1.55
1269	2	6110	0	1	14	2.5
5859	1	6	0	1	9	2.35
5406	2	5057	0	0	26	2.9
4169	2	2272	0	2	27	1.9
2518	2	5675	1	2	18	1.5
7610	2	5340	1	3	15	1.55
6039	2	8734	0	0	25	1.1
6834	1	6849	0	1	16	2.9
8293	1	2665	0	1	3	3.2
2373	2	351	0	1	13	2.4
2604	1	7219	0	5	9	2.35
3734	2	4277	0	5	10	2.24
7021	1	6158	0	2	11	2.3
22	1	2467	1	1	7	1.55
1570	1	3843	0	3	19	2.7
447	1	1353	0	1	20	2.4
6418	1	6351	0	5	10	2.1
6117	2	556	0	2	2	2.8
459	2	6102	0	3	20	2.8
7297	2	6027	1	2	25	1.4
6904	1	8091	0	4	1	2
5876	2	8321	0	1	6	2.6
2252	1	2975	0	4	8	1.6
7081	2	986	1	1	21	1.2
8697	1	14	0	1	19	2.45
8093	1	3464	0	1	20	2.3
6969	2	8261	0	2	4	1.35
3264	2	8364	0	2	22	2.9
2009	1	3867	0	2	14	2
2645	2	3747	0	3	12	3.2
6480	2	2611	0	0	26	2.5
5706	1	4838	0	2	27	2
3095	2	3785	0	2	15	2.5
2510	2	2537	0	1	20	3.4
1973	2	5371	1	2	27	1.85
5219	2	4762	0	1	5	1.9
3319	2	1969	1	3	10	1.62
3021	1	5309	0	5	8	2.8
5742	2	7355	0	2	6	1.2
5711	1	4251	1	1	1	1.85
4016	2	2966	0	2	4	2.25
7663	1	2062	0	2	23	2.2
1754	2	745	1	2	14	1.5
5298	1	6232	0	4	14	2
2750	1	3879	1	1	13	1.6
5696	2	3832	0	1	29	1.5
5314	1	692	0	1	5	2
5381	2	3558	0	4	15	2.8
4256	1	6765	0	2	5	1.5
1597	1	140	0	2	26	3
3268	2	7636	0	2	18	1.6
3114	2	6441	0	2	13	2.25
6587	1	1074	0	1	16	2.6
6151	1	5314	0	2	16	2.2
3915	2	668	0	1	22	2.7
530	2	4555	0	0	29	1.7
8302	1	7301	0	3	15	1.7
3907	2	2330	0	5	19	2.35
1393	1	4412	0	1	29	1.7
1930	1	3650	0	2	19	2.4
8540	2	6232	0	2	18	2.8
808	1	1375	0	2	18	2.3
593	2	1705	0	1	15	2.65
4251	1	3747	0	1	8	3
6806	2	6257	0	2	2	1.7
5546	2	4827	1	1	26	1.5
3215	2	6850	0	1	3	3.2
380	1	7710	0	1	29	2
5956	1	1568	0	2	18	1.9
3665	2	482	0	2	7	2.5
4046	2	5006	0	1	22	2
8332	1	8479	0	2	3	1.9
6379	2	1207	0	1	21	1.4
6135	1	7642	1	0	26	1.8
5458	1	3689	0	3	15	2.5
7821	1	6158	0	2	2	1.7
7568	1	4552	0	1	27	2
7677	1	1696	0	2	15	2.4
3578	1	4085	0	2	2	1.9
4031	1	8108	1	2	23	2.3
320	1	7537	0	5	14	1.8
3841	2	4935	0	2	11	1.6
4216	2	2317	0	0	13	2.35
43	1	8182	0	1	20	3.2
6818	1	7613	0	0	17	2.2
4085	1	2982	0	2	6	2.8
4476	1	8234	1	3	18	1.1
2752	1	7434	0	2	18	2.9
1645	2	556	1	3	5	1.7
1272	2	4739	0	1	1	2.5
3680	2	8836	0	1	20	3
713	2	3476	1	3	27	1.5
5136	1	8004	0	1	12	2.1
8206	2	5169	0	2	8	1.7
1055	2	8669	0	0	17	2.4
2680	1	7842	0	2	18	2.4
3704	2	8293	1	2	7	2.25
2133	2	2279	0	3	27	2.2
1738	2	4715	0	0	17	2.5
3584	2	1916	1	2	16	1.9
4843	2	7642	0	2	14	2.3
2383	2	6306	0	5	1	2.75
556	1	8158	0	1	20	3.3
13	2	6161	0	2	23	2.8
4152	1	4192	0	1	18	1.4
2621	1	2769	0	2	1	2.5
5268	1	3592	0	2	10	2.05
6982	2	2899	0	1	22	1.5
9019	1	4230	0	0	17	2.6
3747	1	809	0	3	7	2.6
6242	2	1969	0	1	1	2.7
5177	1	1037	1	1	9	1.85
3797	1	8136	0	0	7	0.7
3519	1	4739	0	2	19	2.7
8564	2	6237	0	2	12	1.4
6022	2	1623	0	1	29	1.7
45	1	465	0	2	6	1.3
6489	1	1515	0	1	26	3
749	2	6132	1	5	12	1.8
7936	2	8108	1	2	6	2.4
1804	1	6763	0	1	10	1.3
6788	1	5550	0	4	14	2.3
7475	2	7537	0	4	4	1.9
8491	1	229	0	3	27	2.6
5789	2	2052	1	2	11	1.8
4589	2	7493	0	3	10	2.5
134	2	6257	0	1	16	2.5
1145	2	1037	0	4	8	3.1
2156	1	695	1	0	29	2
5427	2	4822	1	3	6	2.6
7841	2	4031	0	4	22	2.8
8926	2	1015	0	1	22	1.4
5677	1	6849	0	1	7	2.7
2837	1	2412	0	3	10	1.88
4964	2	6692	0	2	9	1.65
3434	2	7663	0	1	4	0.875
6944	2	7287	1	4	9	1.35
7643	1	8970	1	2	4	0.85
6763	1	2004	1	3	19	2.2
7737	1	1564	0	3	1	1.55
2980	1	2476	0	2	2	1.8
7867	1	3369	0	4	15	2.3
4986	2	3687	0	3	16	1.4
5900	1	7908	0	2	22	2.2
6301	1	3474	0	0	27	1.45
446	2	1532	0	3	11	2
3650	1	125	0	5	13	2.9
6001	1	503	0	2	18	2
7337	1	6414	1	4	15	1.85
4666	2	3832	0	2	2	3
3237	1	6237	0	1	13	1.8
849	1	7493	0	4	19	2.6
1039	1	7760	1	2	13	1.4
6252	1	2476	0	2	23	2.7
4082	1	6689	1	2	5	1.4
4792	2	1568	1	2	22	1.5
8356	1	2857	1	0	17	1.7
1552	2	5585	0	1	21	1.8
8601	1	8526	0	2	7	2.8
7900	2	5580	1	2	13	1.6
741	2	7499	0	2	18	2.8
6347	2	6846	0	3	4	1.95
8748	2	3986	0	5	16	3.9
8907	1	64	1	2	16	1.9
3789	2	2548	0	2	13	2.1
1492	1	7333	0	4	10	2.28
7766	1	7577	0	2	16	1.9
8600	1	1900	0	3	5	2.5
2321	1	1529	0	0	21	1.6
6661	2	7664	0	5	9	1.5
95	2	7990	0	2	1	2.3
8067	2	6006	0	2	15	3.15
5951	2	125	0	2	26	0.75
7180	1	8364	1	3	11	1.5
5164	1	6027	1	3	23	2.2
3947	1	7421	0	0	29	2.9
1571	1	4820	0	2	6	2
7110	1	1529	0	2	18	1.8
6332	1	2077	0	2	13	2.25
3211	2	3857	0	2	4	1.1
296	2	4770	0	2	14	2
7093	2	5230	0	2	1	2.5
8979	1	8249	0	1	16	1.9
7319	1	6271	0	1	29	2.5
8199	2	6232	0	3	11	2.8
571	1	8108	1	1	5	1.2
8807	2	3539	0	5	11	2.1
8089	2	4704	0	1	12	2.7
2349	1	5959	0	2	23	1.9
1223	2	4034	0	4	27	2.5
132	1	7488	0	5	15	2.6
7396	2	1353	0	0	21	1
6573	2	4153	0	2	23	3.2
7961	2	7615	1	0	4	0.9
5146	1	8361	0	2	27	2.25
2921	2	6027	0	2	5	2.8
5577	1	4473	0	2	23	2.8
5561	1	6300	0	1	21	2
2477	2	1164	0	1	14	2.4
5049	1	4347	0	1	18	0.8
4540	1	6516	0	2	22	1.3
310	2	7202	0	1	16	2.8
8234	1	2913	1	1	3	1.8
8927	1	8901	1	3	12	1.9
1342	1	5881	1	2	7	1.9
2561	1	4306	1	2	16	1.5
1728	1	4031	0	1	14	2.7
7098	2	125	0	4	12	2
1199	1	2537	0	1	21	2.2
7213	2	2690	0	3	2	2.2
4809	1	1540	0	0	17	2.3
1222	2	1472	1	3	12	2.25
7294	2	7432	0	4	9	2.7
8249	1	8364	0	2	2	1.5
5770	2	556	1	3	18	2.2
8408	1	9013	0	2	27	2.075
436	2	7596	0	0	23	1.6
7214	2	7908	0	4	5	2.5
2719	2	6026	0	2	5	1.4
8461	1	903	0	3	10	1.82
6874	2	6443	1	2	26	1.9
4349	1	2843	0	0	25	1.2
3771	1	582	0	5	22	3
2277	1	6986	0	0	1	0.85
6894	2	2623	0	2	19	2.5
6397	1	4714	0	1	1	2.05
6719	2	5879	0	2	18	3
7347	2	6069	0	5	15	2.9
2381	2	8093	0	2	29	1.2
7525	1	2506	0	3	12	2.55
2467	1	7506	1	2	2	1.6
4312	1	8293	1	2	18	2.5
3444	2	5110	0	5	27	1.55
6594	2	5314	1	2	11	1.8
5501	1	1221	0	2	2	1.6
1101	2	7501	0	4	4	1.95
5890	2	6934	0	3	1	1.75
2701	2	7201	0	4	23	2.9
5566	2	6257	0	2	18	1.4
4978	2	916	0	1	2	1.4
6447	2	3015	0	1	16	3.2
4603	1	1073	0	2	12	3.5
5698	1	1696	0	2	27	2.35
8440	2	2980	0	4	14	1.9
5099	1	3668	0	2	11	2.3
4660	1	3843	0	1	13	2
3967	2	7642	1	1	13	2
3356	1	762	0	2	22	2.5
6870	1	2432	1	4	11	2.6
5793	1	4854	0	5	7	2.9
727	1	1867	0	4	7	1.6
6321	2	4153	0	2	22	3.2
1581	2	4506	0	0	17	2.1
1019	1	425	0	2	6	1.8
1797	2	7219	1	1	27	1.4
6179	1	8504	0	2	9	1.9
3977	2	4489	0	3	15	2.5
3099	2	7287	1	3	19	1.65
3491	1	8567	0	3	6	3.3
3109	2	6414	0	2	1	2.85
6730	2	7432	0	2	26	3
563	2	2857	0	1	29	3
2993	2	2113	0	2	22	1.4
4642	1	6	0	1	26	2
1464	1	4049	0	0	21	1.1
1995	2	2839	0	1	14	2.1
4604	1	7263	0	3	10	1.88
6367	2	3015	1	2	22	1.7
6972	2	7751	0	2	18	2
4371	2	5564	0	1	1	2
5224	2	9040	0	3	23	2.2
1544	1	6299	0	1	9	1.95
7198	2	6215	1	1	16	2.6
1986	2	465	0	3	23	2.8
714	2	4049	0	1	29	1.9
4007	2	6299	1	2	27	1.5
7619	2	516	0	2	8	1.8
1820	2	2922	0	0	4	0.725
4877	2	1532	0	3	22	1.3
4458	2	3472	0	0	6	1.6
6444	2	4715	0	0	29	2.5
1726	2	6519	0	3	1	2.45
3374	1	1783	0	1	29	1.5
1252	2	7339	0	1	29	1.7
4040	2	1971	1	1	26	1.6
5200	2	8249	0	2	22	2.6
6225	1	1969	1	1	19	1.8
723	1	3931	0	3	1	2.4
7836	1	2780	1	3	18	1.6
1684	2	4000	1	1	3	2.2
1177	1	7374	0	1	10	2.72
8989	2	260	0	4	26	1.5
5285	2	5895	1	4	8	1.45
1369	2	8678	0	2	4	2.45
7789	2	3994	1	4	14	1.9
5595	1	1257	1	2	16	2
3047	2	1015	0	2	7	3
4140	2	1916	1	1	3	2
6417	1	4410	0	2	18	3
8576	1	2658	1	2	26	2.3
3280	1	6464	0	1	20	2.1
250	2	692	0	2	3	2.5
8658	2	6441	0	1	19	2.15
8483	2	8971	0	2	20	2.9
4834	1	1241	0	2	1	1.5
7152	2	2196	0	1	13	2.4
6646	1	3356	1	4	13	1.35
4915	1	5565	0	3	15	2.4
5154	1	4927	1	3	12	1.55
6627	1	6158	0	4	22	2.5
7163	2	8567	0	1	25	2
6599	2	7956	0	2	22	3
4876	2	3655	0	3	8	1.15
6096	1	173	0	1	19	2.7
7424	1	8669	0	3	25	3
3286	2	7877	1	3	9	1.85
7456	2	183	0	1	11	2.3
2732	1	447	0	1	29	1.8
4898	2	6353	0	2	14	1.1
804	1	2982	0	1	20	2.2
3956	2	3832	1	2	23	2.2
3876	1	6946	0	1	5	0.9
8622	2	5773	0	2	2	1.8
2727	2	442	0	2	4	3
6146	1	3559	0	2	29	3.3
867	2	556	1	3	5	1.6
3481	2	6850	0	3	20	3.5
5212	1	4179	0	0	11	2
7499	1	1375	0	0	29	2.7
736	2	4871	1	3	6	2.6
6876	2	7684	0	0	5	1.2
4728	2	7840	1	2	16	2.3
3871	1	3994	0	2	16	2.5
465	1	2476	0	1	3	2
4688	2	2317	1	2	9	2.2
8550	1	1106	0	2	1	2.4
1007	1	3874	0	2	14	2.2
6045	2	901	0	2	22	2.3
2647	1	7506	1	2	2	1.5
3661	2	3376	1	4	16	2.4
2585	2	7956	0	3	5	1.7
7042	2	8567	1	2	18	1.8
5743	2	8268	0	3	1	2.75
6026	1	8848	1	1	3	1.6
6555	1	1793	0	4	14	2.2
2487	2	6102	0	2	16	2.9
3863	2	3840	1	5	12	1.6
1534	2	2052	0	1	2	1.5
8311	2	5815	0	3	26	1.9
1186	2	6222	0	1	1	2.25
5611	2	5815	0	0	8	1.25
382	1	3038	0	0	12	2.15
1063	2	1793	0	2	22	2.1
8109	2	5648	0	0	9	0.9
7412	2	2749	0	3	12	1.8
8214	1	4073	0	2	10	2.2
5371	1	149	1	2	26	2
4599	1	695	1	1	6	1.9
7278	1	1805	0	2	2	2.4
5741	1	6	0	1	13	2.4
5545	1	1900	1	0	20	1.6
5019	2	1164	0	1	26	2.2
1989	2	2899	0	2	14	2.4
1013	1	6937	0	1	7	1.9
1972	2	5503	0	3	8	2.15
4879	2	1375	0	0	6	2.6
4437	2	561	0	3	11	2.4
4992	1	4565	0	3	15	1.9
7227	1	6647	0	3	7	2.85
614	1	2934	0	0	8	1.45
5812	1	5314	0	2	23	1.1
3764	2	2839	0	2	7	2.3
3523	1	5067	0	3	1	2.4
7515	1	14	0	2	15	2.9
6419	2	1142	0	2	6	2.4
3984	1	5859	0	2	10	2.18
6382	1	2697	1	4	7	1.75
1321	1	1529	0	4	6	3.7
3773	1	1662	0	2	10	2.15
2652	1	668	0	2	23	3.4
6410	2	3871	1	2	7	1.9
6130	1	3994	0	0	26	2.6
3341	1	8268	0	4	15	2.15
4837	2	3539	0	2	14	2
7149	2	4489	0	2	12	2.6
3879	1	745	0	2	4	2.25
9005	2	4871	0	2	18	2.7
4428	2	3994	0	2	22	2.6
3274	2	6006	0	1	8	1.35
5008	1	3914	0	1	20	2.6
5392	1	5340	1	2	1	1.8
3748	2	7355	1	1	18	1.5
3675	2	1375	0	3	3	3.5
4295	1	3082	1	0	9	1
4738	2	613	0	3	19	2.15
8603	1	7861	0	2	9	2.25
3805	2	1472	0	1	4	2.35
1685	1	1793	0	1	11	2.3
7930	2	8848	0	0	21	1.6
918	1	1705	0	1	13	2.45
1507	1	3785	0	3	12	2.5
784	1	8200	1	2	23	2.1
5412	1	5642	0	1	29	2.8
6553	1	5325	0	1	18	1.2
5738	2	6934	0	0	10	0.45
7816	1	7908	0	1	3	1.6
1008	2	7844	0	0	5	1.2
8574	2	7374	0	0	12	1
9038	2	801	0	1	7	2
3170	2	3637	0	3	15	2.7
4714	1	229	0	5	9	2.6
8352	2	5773	0	0	23	1.4
1682	1	7840	0	1	18	0.9
881	2	8376	0	3	22	2.1
5330	2	7622	0	3	27	1.9
2305	1	3776	0	1	4	1.35
8248	1	75	0	2	18	1.3
2476	1	5642	0	2	25	2.4
7265	2	351	0	3	4	1.7
1156	1	6846	1	0	26	1.7
3868	2	5067	0	4	10	2.1
26	2	6621	0	2	25	2.2
5515	1	2945	0	2	8	1.4
5056	2	335	0	2	8	2.9
2440	1	772	0	1	15	2.6
162	1	64	1	2	2	1.4
3739	2	8200	1	2	23	3.1
3558	1	5895	1	0	26	1.9
6462	2	6252	0	2	22	2.4
5649	2	2843	0	1	5	2.3
233	2	6132	0	2	11	2
7225	1	5631	0	1	4	0.65
2495	2	3137	0	1	22	2.7
3476	1	4256	0	2	7	2.6
6005	1	5499	1	5	9	1.5
2336	1	2611	0	0	4	1.25
9017	1	6271	0	1	20	2.7
2473	1	2008	0	0	7	1.1
5601	2	8108	1	2	25	1.8
8946	1	3483	0	3	9	2.7
8523	2	7219	1	1	27	1.25
7783	2	3707	0	1	29	2.6
4457	1	3476	0	3	15	2.45
1440	1	2537	0	1	29	2.9
1633	1	5624	0	5	10	2.54
1969	1	8526	0	2	26	3
6433	2	4202	0	4	10	2.9
1036	2	3270	1	2	7	2
229	1	52	1	1	26	2.2
5792	1	3367	0	2	11	2.5
4401	2	1142	0	1	29	2.9
5119	1	2665	0	3	6	2.8
7684	1	3926	0	2	6	2.7
4922	2	258	0	2	1	1.95
8274	1	556	1	2	23	2
8481	2	3267	0	1	21	1.5
2359	2	4473	0	2	18	2.1
8376	1	8835	0	2	23	1.9
5334	1	556	0	3	22	2.4
123	2	52	1	1	26	1.9
742	1	5006	1	3	23	2
4982	1	4499	0	2	1	2.55
3703	1	5960	1	4	19	1.9
3354	1	8981	0	2	29	1.8
5493	2	6443	0	3	14	2.6
6161	1	7201	0	2	25	2.3
1662	1	4739	0	3	15	2.9
8642	1	146	0	2	22	1.6
6628	2	3832	0	3	25	1.2
3251	2	6441	0	1	27	2.45
5075	1	668	0	2	2	2.2
1576	1	1622	1	1	3	1.9
5166	1	2985	0	2	27	2.65
7488	1	3916	0	2	13	2.7
8372	1	1916	1	2	2	1.5
2164	1	5359	1	1	15	1.15
404	1	3018	0	0	17	2.3
6455	2	442	0	2	7	2.9
3396	1	5959	0	2	18	1.6
1178	1	5108	1	2	26	1.6
2020	1	8810	0	2	6	2
6212	2	3356	1	2	4	1.2
4390	2	4935	0	2	7	2.9
4344	2	2922	0	0	24	0.4
3229	1	1783	1	1	2	1.5
7271	2	1544	0	1	1	2.25
5766	2	3766	0	1	21	1.8
5374	1	6161	1	2	6	1.4
7345	2	1809	0	3	27	2.15
3985	2	2922	0	1	26	2.4
2999	1	6208	1	3	19	1.6
5947	2	258	0	0	19	1.05
8235	2	8692	0	2	22	2.6
6076	1	6300	0	3	20	2.9
1849	2	3054	1	2	27	1.9
6743	1	5956	0	3	22	1.8
4567	2	6850	1	1	29	2.1
1329	1	8004	0	2	8	2.05
1241	1	6555	1	1	26	1.6
8810	1	240	0	2	25	2.9
3320	2	2279	0	1	8	1.2
8972	1	8729	0	2	2	2.1
3660	2	3476	0	0	24	1
7222	1	1916	1	2	5	1.9
6670	1	4413	0	2	7	2.2
8823	2	8973	0	2	15	1.95
5916	2	8865	1	0	17	2.3
6124	2	1604	0	0	29	1.6
5267	2	5580	1	2	27	1.4
2564	2	339	0	2	6	2.4
8800	1	3137	0	1	11	2.9
6548	1	3958	1	5	14	1.9
4495	2	173	0	0	9	1
5587	2	3707	0	1	29	2.6
7179	2	8200	1	1	6	1.9
3836	2	8341	0	4	12	1.7
7777	2	8738	0	1	8	2.6
2553	1	5331	0	2	27	2
913	2	801	1	5	16	1.4
657	1	3958	1	5	14	2.1
5781	1	6007	0	4	19	2.1
8764	1	5818	1	2	7	2.2
7699	1	1085	1	2	11	1.3
410	2	7541	0	0	17	2
6929	2	7108	0	5	10	1.9
5570	2	5580	0	1	8	2.3
7105	1	64	1	4	23	1.6
3581	1	8692	1	5	11	2.2
7245	2	2769	0	2	9	2.6
5312	1	5815	0	1	9	1.4
7538	1	5920	1	4	27	1.825
3096	1	6692	1	4	27	1.4
1643	1	7842	0	2	11	2.3
8734	1	1622	0	0	21	1.8
919	2	86	0	0	1	0.65
4770	1	6001	0	2	16	1.8
5955	2	3416	1	4	12	1.5
6177	2	1207	0	2	25	1.6
3987	1	4202	0	4	15	1.85
3470	1	8836	0	2	29	3.4
5250	2	2982	1	2	5	1.5
6950	2	5193	0	1	20	3
3973	2	5318	0	3	11	2.7
5927	2	7596	0	1	18	1.6
762	1	8289	1	2	23	2
6441	1	8021	1	4	4	1.45
3429	2	2279	0	2	13	1.8
6589	1	987	0	1	29	1.5
4783	1	3926	0	2	22	2.3
6715	1	3948	1	0	25	1
2281	1	1164	0	2	8	2.7
1376	1	5797	0	3	17	2.3
3769	1	8234	0	2	16	2.3
71	1	5458	0	4	10	1.65
2028	2	6102	0	2	5	3
2824	1	6026	0	0	11	0.8
4563	1	3879	0	2	12	2.1
7664	1	2113	0	2	8	2.3
3672	2	4552	0	0	15	0.7
8723	1	8004	0	1	13	1.9
2160	2	7068	0	2	18	2.7
7547	2	7439	0	2	27	2.375
7425	1	8316	0	0	16	1
3046	2	1207	0	2	20	2.4
1379	1	3687	0	1	2	0.9
8821	1	7681	0	1	13	2.6
8141	2	7034	0	1	2	1.5
1164	1	6232	0	2	2	2.3
5437	2	8848	0	0	17	1.8
4813	1	7710	1	3	23	1.5
4243	2	8030	0	2	1	2.025
8561	2	6477	0	1	26	2.4
4510	2	535	0	3	14	2.7
1235	1	6778	0	1	20	2.3
254	1	4192	1	2	16	1.6
995	1	7684	0	4	23	2.2
1675	1	3364	0	1	11	2.5
8116	1	7663	0	2	16	2.1
4576	2	5675	1	2	18	1.6
3968	1	7434	1	2	6	2.2
4873	2	4538	0	1	13	2
4582	2	772	0	1	12	1.35
1773	2	3719	0	4	19	2.9
5633	1	6792	1	2	23	1.8
455	2	6027	1	4	25	1.6
607	1	7638	1	2	16	1.4
6318	1	1725	0	2	19	2.9
7194	1	3754	0	1	13	2.4
3183	1	6443	0	2	7	3
7477	2	7027	0	1	8	2.7
626	1	5959	0	1	5	1.3
2661	1	5881	1	2	26	2.2
6711	1	2424	0	3	16	1.4
2871	1	8345	0	2	13	3.3
7868	1	1848	0	3	1	2.2
6912	2	8734	0	2	22	1.7
2841	1	4034	0	2	15	2.05
2496	2	2515	0	2	18	1.6
8763	1	2611	0	1	24	1.25
8312	2	7686	0	3	17	3.1
4151	2	4000	1	1	20	2.2
3005	2	5818	1	2	7	1.55
6742	2	5084	0	1	13	1.7
8446	1	1607	0	2	18	3
4499	1	4251	0	1	27	2.225
7070	1	801	0	2	14	1.9
1392	2	7663	1	1	11	1.4
6732	1	1544	0	0	10	1.38
2479	1	8345	0	2	8	2.2
6214	1	5675	0	1	6	2.4
4467	1	3983	0	0	17	2
3378	2	5956	0	2	11	2.1
7054	1	1372	0	2	5	1.6
3921	1	1622	1	2	25	1.2
6255	1	2548	0	2	8	2.15
7112	2	8634	0	0	17	2
1823	2	1321	0	0	5	1
5170	2	2623	0	3	12	2.1
1016	1	3328	0	1	1	1.9
7849	2	17	1	0	17	1.5
2522	1	6158	0	2	5	1.8
6062	2	7448	0	1	18	1.9
8218	1	1283	0	2	8	2.7
7918	2	6414	0	1	9	1.6
8932	1	5751	0	3	7	2.7
3824	2	8526	0	2	27	2.65
1718	2	3162	0	2	22	2
239	2	8361	0	0	1	1.075
90	2	6555	0	5	4	1.65
3663	2	2240	0	2	2	2
2163	2	8093	0	0	25	1.4
4391	1	4347	0	2	2	1.9
5383	2	2240	0	2	25	1.9
7340	2	3926	0	2	23	3.1
5909	2	7140	0	2	22	1.6
2979	2	6001	0	3	14	2.2
3015	1	2857	0	1	6	2.9
7388	1	339	0	1	29	2.3
262	1	2945	0	3	15	3.2
8224	1	5009	0	3	18	2
3437	2	3376	0	2	6	2.2
6222	1	450	0	4	8	1.8
8138	2	7506	1	2	16	2
4627	1	7564	1	0	5	1.5
6320	1	2265	0	2	10	2
5039	2	4167	0	3	7	2.8
3991	2	2457	1	2	20	1.7
8575	1	4179	0	5	14	2.7
473	2	8108	1	2	25	1.4
2205	1	2473	0	3	12	2.2
672	2	7929	0	3	23	2.7
7654	2	7867	0	1	1	1
6251	1	503	0	3	22	2.4
7840	1	2857	0	2	25	2.6
7731	1	5920	0	2	13	2
4244	1	6282	0	4	2	2.6
752	2	1107	0	4	22	2.4
4119	2	5110	0	2	19	2.45
294	1	465	1	1	18	1.1
8876	1	1257	0	4	23	2.2
5621	2	3603	0	2	25	2.4
5020	1	8946	0	4	19	2.8
8877	1	2926	0	2	18	2.7
3281	1	8063	0	1	13	1.7
1056	2	1783	0	5	11	2.9
9	2	8732	0	2	11	1.7
8169	2	260	0	5	12	1.8
1935	2	2697	1	4	7	2.2
8577	1	3196	0	1	18	1
4302	1	339	0	1	20	2.4
5489	1	8692	1	5	11	2.2
6580	1	5642	0	2	5	2.5
9004	2	4739	0	2	13	2.15
5902	2	6161	1	3	2	1.5
2764	2	4506	0	1	3	2.7
4774	2	1074	0	2	14	1.5
5697	2	2982	0	0	29	2.4
5068	2	3281	0	1	19	1.8
2079	2	8972	0	4	16	1.5
5827	2	5935	0	3	12	2.9
2248	2	5673	1	2	22	1.8
7778	1	1576	1	3	18	1.7
3256	1	8281	0	5	27	3.5
5184	1	7636	1	2	22	1.6
3934	1	745	0	1	11	2.5
6394	1	5006	0	3	16	3.2
3507	2	8145	0	1	4	1.25
5022	1	3149	0	4	15	2.15
5190	2	2966	1	2	2	1.8
369	1	4888	0	3	1	1.55
5054	1	8407	0	5	27	2.6
1827	2	3879	1	1	27	1.75
136	1	1544	0	2	19	2.2
4315	1	7888	0	2	15	2.25
2405	1	6487	0	3	23	2.2
8111	1	5879	0	4	23	3
825	2	8877	0	1	11	2.4
5287	1	3846	0	1	3	2.5
7151	1	8980	1	3	19	1.4
4985	2	218	0	3	14	2.7
4294	1	8495	0	3	29	2.5
487	1	1900	0	2	21	1.8
2058	2	7912	0	4	27	3.2
2084	2	4506	0	1	29	2.8
6459	2	6174	0	2	20	2.9
4484	1	7439	0	4	15	2.25
7124	2	1916	1	2	6	2.4
3445	2	2843	0	4	23	3.7
6931	2	7034	0	3	11	2
6375	1	695	1	1	20	1.8
2997	1	3137	0	2	2	1.6
7263	1	8489	0	2	27	2.5
8088	2	1107	1	3	23	2.6
3823	2	4991	0	3	19	1.8
4615	2	6697	0	3	10	1.87
6286	2	2008	0	2	4	1.9
6103	1	8841	1	3	18	1.3
2602	2	81	0	4	22	1.5
8510	1	6069	0	2	19	2.7
8034	2	2217	0	1	11	2.1
2113	1	4781	0	2	2	2.2
7559	2	3874	0	2	11	2.5
2685	2	1143	0	2	27	2.75
7655	1	2180	0	2	13	1.5
8305	2	7027	0	1	12	2.8
4556	1	1221	0	2	11	2.6
667	1	6846	0	1	8	2.6
7707	2	6516	0	2	11	2.8
6655	1	2467	1	0	12	1.8
3196	1	552	1	2	5	1.8
8425	2	331	0	3	22	2.4
5761	2	6765	0	2	16	3
3906	1	2070	0	2	11	2.2
8940	1	3689	0	1	19	1.95
4638	2	552	0	1	20	2.4
5959	1	6027	1	3	6	2.2
4468	1	7986	0	4	1	1.55
6934	1	4489	0	2	27	2.4
6072	1	6764	0	1	22	2.2
4013	2	3776	0	0	26	2.4
3840	1	4153	0	1	11	2.5
5824	2	8654	0	1	29	2.8
4535	2	7840	0	4	23	3.4
3222	2	7020	0	4	4	2.65
4199	2	5818	0	1	11	2.4
994	2	6653	0	2	7	2.5
6756	1	1207	0	1	29	2.2
314	2	8037	0	0	4	1.3
4723	2	1983	0	2	11	2.2
4816	2	5580	1	1	9	1.15
4539	2	8901	0	4	22	1.8
1549	2	8692	0	2	2	1.5
5485	2	3689	0	4	1	1.7
2882	1	968	0	4	10	2.5
5044	1	5193	1	3	6	1.5
8343	2	8082	0	2	16	2.4
7524	1	8021	1	3	12	1.8
5663	2	1916	1	2	2	1.6
2339	2	6001	1	4	26	1.9
7487	1	4807	0	4	1	2.45
3874	1	745	0	2	2	1.3
3676	1	81	0	5	16	1.8
6680	1	7760	1	2	13	1.5
4974	1	2829	0	4	12	3
7132	1	518	0	0	15	1
2627	2	5950	0	1	20	2
3149	1	2077	0	2	9	2.2
1345	2	3879	1	1	13	1.6
4538	1	2279	0	1	26	1.5
156	2	5741	0	0	9	0.75
4413	1	4347	0	2	11	1.9
7280	1	3281	0	3	1	2.15
2027	2	6764	0	5	14	1.9
7471	1	6208	1	1	9	1.75
3448	2	7929	0	1	11	2
5244	1	561	0	1	7	2.6
3658	2	7085	0	2	1	1.8
4692	2	2682	1	2	23	2.4
6233	1	7813	0	4	26	1.5
7592	2	553	0	5	26	1.9
2748	2	5635	0	1	19	2.45
2316	2	6831	0	2	5	2.9
1606	1	1805	0	2	5	1.4
2074	2	8738	0	1	9	1.2
6906	2	2966	0	2	22	3.1
102	2	5227	0	1	20	2.5
2220	2	3432	0	2	18	2.3
999	1	398	1	3	22	1.3
1264	1	6621	0	0	17	2.2
8415	1	587	0	2	21	2.2
6765	1	7434	1	1	3	2.4
8256	2	8848	1	2	6	1.9
4026	2	8341	0	3	11	2.8
4750	2	2473	0	2	8	2.5
5372	1	3986	1	3	23	1.8
3292	2	2597	0	0	24	0.9
2217	1	7448	0	2	2	1.6
33	2	6792	1	1	21	1.1
1001	2	6015	0	3	7	3.25
5716	1	7840	0	1	18	0.8
1	1	2633	0	2	18	2.3
3405	1	503	0	2	11	2.3
845	1	6846	0	2	12	3
8271	2	3364	0	2	2	2.4
5040	1	7541	0	4	6	3.3
809	1	8376	0	3	16	2.2
7148	2	2792	0	1	29	1.3
2650	1	8137	0	0	29	2.3
926	2	64	0	3	5	1.7
81	1	795	0	2	2	2.4
5795	2	1107	1	1	3	2.7
527	1	6237	0	3	8	1.55
8753	2	599	0	1	29	1.7
7322	2	7888	0	2	27	2.025
5123	2	6849	1	2	11	2.2
8968	2	4328	0	2	25	2
8336	1	1353	1	1	29	1.2
5499	1	3356	1	2	26	1.5
1997	2	5220	0	2	12	2.9
1442	2	5556	0	3	19	1.9
7026	1	7615	1	2	8	1.5
8500	1	7434	0	2	25	1.5
3106	2	8605	0	1	12	2.9
3141	1	2452	0	5	16	1.4
3931	1	104	0	2	27	1.85
5386	2	8376	0	5	14	2.8
7211	2	1411	0	3	1	3
1466	1	8182	0	3	17	2.8
4757	2	7710	0	1	20	2.1
2471	2	4252	1	3	19	1.95
7237	2	1085	0	2	16	2.4
7102	2	339	1	2	23	1.7
4553	1	6621	0	0	23	3.3
3630	1	7373	0	3	11	2.4
2535	2	3054	0	2	9	2.05
3659	1	1529	0	2	25	1.6
1778	1	5561	0	1	29	2.3
3312	2	2974	0	2	11	2.1
970	1	331	0	2	16	2.4
8703	1	1024	0	3	14	2.2
2040	2	2452	0	3	22	1.5
1037	1	8901	0	1	14	2.9
968	1	3038	0	3	8	1.9
4657	1	3096	0	3	10	1.74
5436	1	4626	0	2	22	2.3
7557	1	2467	1	2	13	1.7
1741	1	1321	0	3	23	2
8525	1	1235	0	1	29	1.8
2978	2	4482	1	3	22	1.8
5578	2	3865	0	5	10	2.43
8780	2	2604	0	2	19	2.6
6831	1	3682	0	2	21	2.5
8983	1	7813	0	2	12	1.85
4596	1	43	0	2	29	2
7299	2	8037	0	2	27	2.2
256	1	14	0	4	27	2.95
1836	2	5950	0	1	29	2.1
1281	1	7287	1	2	27	1.5
3599	2	4552	1	0	10	0.94
4201	2	2452	0	2	7	2.3
1242	2	3834	1	2	16	2.3
224	1	1090	0	1	29	1.6
6937	1	7956	1	2	16	1.5
2662	1	4714	0	2	10	2.52
3993	2	2704	0	2	15	2.55
5007	1	6555	0	1	13	2.1
2017	2	4781	0	3	23	2
4855	2	613	0	2	1	2.15
65	1	3785	1	5	9	1.4
2787	1	8734	0	4	23	1.6
4839	2	183	0	3	12	2.9
6109	1	6257	0	2	7	2.35
2117	1	801	1	5	16	1.2
5307	2	7488	0	3	27	1.7
3051	1	7636	0	1	23	1
2244	2	3564	0	2	1	2.15
4807	1	4246	0	3	13	2.3
7174	2	3112	0	3	21	2
3388	1	8901	0	1	8	2.4
220	2	1221	0	2	16	3.3
5839	2	6127	0	0	9	0.75
3206	1	903	0	1	19	2.15
758	2	5631	0	3	12	2
7097	1	4521	0	1	21	1.5
7120	1	692	1	0	16	2.8
4643	2	5929	0	4	10	2.68
4323	2	5033	1	2	19	1.75
6485	1	2839	0	3	11	2.9
300	2	4836	0	2	23	2.9
8174	2	6505	0	3	15	2.25
1211	2	1593	0	0	17	1.1
3714	2	1288	0	2	18	2.7
4092	1	7519	0	3	26	2.5
551	2	1411	0	2	9	2
3192	1	695	1	0	29	2.5
5801	1	1576	1	3	18	1.7
1947	2	2077	0	4	27	3.1
8912	2	9017	1	2	6	2.5
7511	2	9023	0	3	22	3
5529	1	3926	0	4	18	2.1
8149	2	6692	1	4	27	1.15
5683	1	6778	0	3	18	2.2
4338	2	1647	0	1	8	2.15
5295	2	5287	0	2	23	2.7
6527	1	2623	0	2	27	2.2
5325	1	795	0	2	3	1.8
3780	2	5436	1	5	8	1.5
7238	1	7780	0	2	18	2
975	1	1142	1	1	3	2.3
7030	2	6232	0	2	23	2.7
3561	2	8729	0	0	16	2.6
3853	2	1782	0	3	7	2.05
32	2	7813	0	1	9	2.2
7372	1	3506	0	1	22	2.3
5204	2	2635	0	2	1	2.35
440	1	7374	0	1	13	2
7539	1	4252	1	1	27	1.8
2631	1	762	1	2	16	1.2
4766	2	7027	0	1	13	2
1424	2	7710	0	2	5	1.9
5462	2	450	0	1	19	2.1
869	1	5359	0	3	9	1.6
879	2	5359	1	1	15	1.6
5717	2	8980	1	3	19	2
7832	2	162	0	1	16	1
7003	1	4252	0	3	13	2.9
696	2	8021	1	3	12	2.1
615	2	4820	1	1	20	2
6692	1	4935	0	1	8	2.15
1648	1	7493	0	1	1	2.4
8663	2	9056	0	0	17	2.6
5559	2	5419	0	0	17	2.3
6585	1	5296	0	2	12	2.9
5556	1	7596	0	5	14	2.7
656	1	3971	0	2	19	2.25
5132	2	3987	0	0	10	0.725
8309	2	7221	0	2	22	2.8
8020	2	1288	0	3	22	3.2
8858	2	1321	0	0	16	2.2
3719	1	4672	0	1	13	1.65
4489	1	8116	0	2	7	2.2
2050	2	3457	0	1	29	1.9
121	1	5314	0	5	4	1.6
893	2	1510	0	0	17	2.6
470	2	8202	0	1	13	2.4
6007	1	8678	0	1	8	2.45
3340	2	1568	0	3	16	2.9
5349	2	4677	0	1	24	1.2
7637	1	7448	1	1	11	1.1
4432	2	2700	0	4	11	2.8
4607	1	8958	0	1	29	2
4178	1	3879	1	0	1	1.475
3579	2	2656	0	5	7	2.9
6723	1	2467	1	2	13	1.8
8609	2	5318	0	3	22	2.8
3926	1	8835	0	2	25	2.6
3689	1	8037	0	2	8	2.15
8773	1	8341	0	2	18	1.8
6613	1	6521	1	4	10	1.72
6848	2	8678	0	2	7	2.3
5367	2	465	0	5	22	2.7
2705	2	1515	1	0	4	0.65
937	1	339	0	2	5	1.8
3725	2	6125	0	3	19	2.35
5004	2	5585	0	1	29	2.1
4208	2	2548	0	1	27	1.7
5092	2	7564	1	0	5	1.6
4299	1	4092	0	5	12	1.45
3818	2	3112	0	2	20	2.9
5234	2	1622	1	1	29	2.3
8417	2	695	0	1	25	1.6
1564	1	5635	0	1	15	2.6
992	2	5312	0	1	15	0.75
3941	1	1760	0	2	19	1.85
499	2	2969	0	2	4	1.15
5709	1	43	1	3	23	1.8
720	2	335	0	3	9	1.75
2066	2	5751	0	2	11	2.2
922	1	7840	0	2	2	1.8
7087	2	339	1	2	23	1.8
5857	2	8740	0	2	22	2.1
1378	1	6110	0	1	2	1.4
2241	2	2548	0	1	4	1.1
1983	1	3270	0	2	2	1.7
1307	2	7434	1	2	6	2.3
2338	2	1	0	5	22	1.3
4247	1	27	0	2	16	2.9
6836	1	3054	0	3	12	2.8
411	1	8746	0	2	12	2.6
2710	2	561	0	2	22	1.1
588	2	4306	1	2	16	1.5
4609	1	5357	0	2	27	2.65
2745	2	3514	0	1	29	3
1547	2	2355	0	2	12	2
2550	1	6778	0	0	21	1.3
1611	1	2548	0	2	12	2.6
6431	2	3689	0	2	27	1.75
1784	1	4252	1	1	9	1.5
4618	2	3137	0	2	18	2.6
7460	1	3173	0	1	16	2.4
9007	2	3879	1	5	9	1.775
5301	1	5928	0	2	14	2.3
1964	2	9023	0	2	18	1.8
2269	1	6464	0	1	29	2.4
6121	2	4672	0	2	9	2.2
7036	1	7991	0	1	29	2.4
7706	1	1647	0	1	13	1.7
8567	1	1510	0	1	21	2
4748	2	7642	0	2	11	2.2
5843	2	8841	1	3	18	1.2
3624	2	4514	0	4	11	2.6
3531	2	3747	0	2	19	2.5
8378	1	765	0	3	11	2.2
7888	1	8678	0	2	12	2.95
2119	2	1783	0	3	23	3
1892	1	5149	0	3	10	1.98
3518	2	1257	1	2	16	1.3
5603	2	1783	1	1	2	2.1
2446	2	7506	0	2	22	1.7
5151	1	5103	0	2	6	2.4
8553	1	8729	0	2	18	1.5
1471	1	6689	0	1	23	2.4
6700	1	7339	0	0	20	1.8
6213	2	5815	0	2	27	2.8
2045	1	6476	1	2	24	0.8
3089	1	5879	0	2	6	2.8
1779	2	5440	1	3	18	1.9
5609	2	5920	0	2	8	2.25
1601	2	442	0	2	11	2.5
7833	2	3043	0	2	1	1.5
3269	2	442	0	1	8	2.35
4337	1	5956	0	2	7	2
2541	2	4101	0	4	27	2.65
6210	1	3994	1	3	12	1.8
6581	1	3356	1	4	8	1.5
782	1	7020	1	2	26	1.9
7859	2	7636	0	4	11	1.6
502	1	4552	0	0	8	0.6
4150	2	2623	0	2	26	1.6
2319	2	7355	0	1	5	1.7
6229	2	5371	1	1	15	1.8
4880	1	2623	0	1	13	2.4
1714	1	5262	0	1	21	2.4
7843	2	8692	0	1	14	1.1
7807	2	6096	0	0	1	0.9
8377	2	5479	0	0	5	1
3242	2	5542	0	5	13	1.7
2315	2	5230	0	1	15	0.9
5531	2	3983	0	2	3	2.6
3060	2	7506	1	2	11	1.5
6642	2	6237	0	1	19	2
3881	2	795	0	3	22	2.8
351	1	8341	0	3	22	2
1531	1	8164	0	3	14	1.8
236	1	5134	0	2	1	2.15
6626	2	2062	0	3	14	2.6
7287	1	3785	1	1	26	1.6
5643	1	4328	0	3	6	2.8
2245	1	2506	0	3	4	2.45
4117	2	745	1	2	14	1.7
4420	2	465	0	0	5	1
4416	2	149	0	2	22	2.7
7745	2	3840	1	1	4	0.95
1274	1	2857	0	2	20	2.8
8922	2	5635	0	3	27	2.45
503	1	2843	0	1	3	2.3
215	1	1576	1	1	23	1.8
8736	2	8813	0	2	16	1.7
1614	1	3027	0	0	21	1
6463	2	2188	0	2	1	2.4
2922	1	7510	0	1	7	3
4362	1	6414	1	4	15	2
3294	1	2476	0	2	18	2.1
7713	1	8913	1	3	7	1.3
4693	2	6161	0	1	22	2.5
5433	2	2665	0	2	18	2.6
4937	2	745	1	2	26	2
5991	2	5505	0	3	22	1.5
7920	2	3832	0	2	18	3
6187	2	8605	0	1	13	2.7
9011	1	8978	0	2	1	2.05
3174	2	4000	1	2	25	2.2
3802	2	8533	0	3	9	2.35
1603	1	3971	0	2	13	2.2
6504	1	2464	0	3	10	1.58
2812	1	5227	0	1	29	2.4
5364	1	1848	0	3	10	2.2
2364	2	1916	0	2	18	2.9
8102	1	2330	0	2	15	1.9
2429	2	8376	0	5	4	2.7
8081	1	5340	0	2	19	2.35
5217	1	4672	0	3	27	2.6
4955	1	3082	0	2	26	2
971	1	442	0	1	12	2.8
7831	1	7263	0	4	19	2.1
7254	2	7219	0	5	15	3.5
7156	1	5505	0	2	11	2.2
4335	1	5008	0	0	25	1.1
3613	2	3659	0	2	22	2.4
1221	1	2240	1	2	5	1.5
2105	2	8289	1	0	25	1.1
4794	1	4252	0	3	15	3.2
2791	1	5818	0	2	14	2.4
3718	1	6414	0	5	27	3
3270	1	6946	0	2	23	2.4
7971	2	6520	0	2	12	2.4
472	2	5542	0	2	27	2.5
7988	2	5895	1	2	12	2
932	1	2253	0	1	2	1.6
2667	2	6069	0	3	10	3.2
2346	1	125	0	1	1	2.1
6659	2	801	0	1	11	2.4
3616	2	7991	0	0	17	2.2
6428	1	1607	0	2	5	2.7
2707	1	516	1	1	15	2
1288	1	2913	1	1	3	1.7
8806	1	3785	1	4	8	1.9
3554	1	745	0	1	18	1
4619	1	6765	0	2	6	1.5
1343	2	2635	0	1	9	2.55
6232	1	1260	0	1	6	2.4
5921	1	7613	1	1	20	2
125	1	3874	0	2	4	2.15
6979	2	3926	0	1	3	1.5
5434	1	2186	1	2	27	1.05
285	2	8249	1	1	7	2.4
815	1	745	1	3	22	1.6
3400	2	8877	0	3	16	1.8
8191	1	7008	0	3	15	1.9
1943	1	3092	0	3	19	1.35
1456	1	149	1	2	26	1.9
4812	2	3655	0	2	13	2.4
3311	2	4085	0	2	11	2.1
3234	2	6006	0	2	13	2.9
3975	2	5422	0	0	25	1.1
8589	1	1037	0	3	13	3.2
5033	1	1705	0	3	9	2.2
2179	1	5895	1	2	12	1.95
1911	1	821	0	2	20	3.4
2975	1	1647	0	2	4	2.2
993	1	4807	0	2	19	2.05
916	1	4871	1	3	5	1.7
8745	1	64	1	2	16	1.8
7027	1	149	0	2	7	2.6
591	2	8788	0	2	6	2.4
5053	2	8901	0	1	13	2.6
8785	1	5410	1	2	11	1.6
7292	1	4186	0	1	9	1.05
5800	1	1696	0	2	13	1.85
7332	1	3994	1	1	7	1.8
6033	1	7201	1	1	5	1.4
3210	1	8870	0	3	10	1.95
3359	1	6414	0	3	19	2.7
313	1	5818	0	2	22	2.1
3240	1	4538	0	3	19	2
1468	2	5479	0	5	11	2.1
7771	2	8268	0	2	19	2.6
7383	1	8504	1	4	12	1.85
1230	2	6159	1	4	12	1.9
4075	2	4485	1	1	13	1.6
3825	2	6843	0	2	12	2.1
715	1	7541	0	1	29	3.1
5972	2	986	1	1	21	1
5719	1	6443	0	2	11	2.3
7866	2	5378	0	2	7	2.45
3633	1	4482	1	3	16	1.6
1368	1	6159	0	5	14	2.4
3944	1	5815	0	2	12	2
8419	1	64	1	2	7	1.4
6770	2	4838	0	2	1	2.35
2820	2	6007	0	4	27	1.775
7428	2	3558	1	1	27	1.25
4019	1	7840	0	4	6	3.3
7719	2	7779	1	3	18	1.7
7581	1	5751	0	1	13	2.3
8063	1	3539	0	2	4	2.25
7673	2	3173	0	1	11	2.3
4229	1	5556	0	2	12	2.8
2669	2	5895	0	2	7	2.7
987	1	3707	0	1	21	1.6
505	2	331	0	3	14	3
7379	2	7221	0	2	5	1.6
4901	2	2134	0	2	18	2.3
7993	1	3637	0	1	19	2.1
2989	2	2286	0	3	27	1.65
5188	1	3539	0	2	12	2.4
3472	1	8810	0	2	3	1.6
6081	2	6325	0	3	19	2.4
2717	2	3832	1	2	22	1.4
8208	1	3227	0	1	15	2.2
5233	2	695	0	2	5	2.2
2417	2	5340	0	3	9	1.6
6786	1	8407	0	4	9	3.15
5466	1	6477	0	3	7	1.75
8815	1	7898	0	1	19	1.45
6461	1	8281	0	2	9	2.05
5079	1	1143	0	3	13	1.35
8813	1	8712	0	3	18	2.6
5078	1	2975	0	2	9	1.75
3610	1	6184	0	4	19	2.05
1999	2	8037	0	2	12	2.2
6741	1	6621	0	3	21	1.5
559	2	772	0	1	27	2.7
7510	1	5691	0	2	2	2
1708	2	7912	0	2	1	2.7
308	2	6792	1	1	21	1.5
2265	1	1725	0	3	9	2.8
1618	1	2809	0	1	29	1.9
1317	1	7034	0	2	22	2
1115	1	3986	0	2	18	2.2
1048	1	43	1	3	23	2.5
5393	2	8901	1	0	26	1.7
5617	1	1288	0	2	2	2.3
6040	2	5879	0	2	22	3
6016	2	6215	1	2	18	1.9
8869	1	6110	1	1	11	0.8
7317	2	2134	0	2	2	2
1085	1	8200	1	3	5	2
7397	1	8108	1	1	5	1.6
5169	1	6257	0	2	22	1.8
331	1	7842	0	2	23	2.9
508	2	3592	0	2	19	2.5
8298	1	8843	0	3	23	1.4
1347	1	5935	0	2	26	1.8
8016	1	9012	0	3	19	1.8
4823	1	339	0	1	29	2.3
3637	1	4485	0	2	8	2.1
7423	2	8870	0	0	1	1.25
6679	1	6505	0	2	19	2
697	2	6647	1	3	12	1.55
5159	2	3857	1	3	9	2.05
1992	2	5422	0	1	5	1.4
1490	2	6503	0	1	8	2.5
8830	2	6365	1	2	20	1.6
2894	2	587	0	2	17	2.9
7172	1	1037	1	0	4	0.85
8995	1	3364	0	2	22	2.6
6915	2	7681	0	2	8	2.5
4034	1	5516	0	2	8	2.6
840	1	7842	0	2	16	2.5
8738	1	6516	0	1	14	2.5
6315	1	3747	0	3	9	3
3635	2	173	0	3	27	2.35
8844	1	6006	0	1	27	2.7
1244	2	2899	0	2	16	1.7
4664	1	8740	0	1	2	1.1
8976	2	4854	0	3	4	2.8
439	1	5642	0	0	17	1.9
5318	1	6858	1	5	23	2.8
7978	2	516	0	0	27	0.9
8649	2	1647	0	2	7	2.3
7903	2	4770	0	1	4	1.3
4568	1	3785	0	1	27	2.45
2498	1	7681	0	1	12	2.5
2448	2	8249	0	2	14	3.2
7489	1	2654	1	0	6	1.2
8729	1	3948	0	1	3	2.9
5482	1	4252	1	3	1	2
1103	1	4256	0	0	11	2.2
8100	1	6162	0	0	10	1.32
5879	1	8321	0	2	25	2.1
542	2	7448	1	2	22	1.5
7824	2	4781	0	1	11	2.9
7577	1	5879	0	2	2	1.4
5183	2	2935	0	5	4	2.8
8818	1	4783	0	1	8	0.95
4742	1	3914	0	0	21	2
7274	2	7813	0	4	8	1.55
598	1	1074	0	2	18	1.7
1074	1	1274	0	2	5	2.9
7759	1	7158	0	3	10	2.4
2180	1	6001	1	4	26	1.8
8482	2	7434	1	3	23	2.3
8183	1	7908	0	3	6	2.3
3185	2	6026	0	3	18	1.7
7765	2	8865	1	0	17	1.7
360	1	6400	0	0	21	1.8
1225	2	503	0	5	14	2.6
3370	2	3096	0	5	19	1.6
3959	2	1015	1	2	14	1.6
1226	1	8407	0	3	15	2.6
5646	1	1107	0	2	20	1.6
740	2	552	1	2	5	2.1
7321	2	2286	0	0	1	1.95
4012	1	4999	0	1	10	1.28
718	2	2255	0	4	27	2.8
5067	1	3839	0	1	27	2.3
7622	1	6	0	3	8	2.05
7682	1	5134	0	3	19	1.65
3328	1	6006	0	4	9	2.6
772	1	6788	0	2	26	2.4
362	1	8139	0	0	29	1.6
6827	2	7158	0	4	15	3
2810	2	2196	0	2	26	2.8
3867	1	5287	0	2	2	1.8
5630	1	104	0	3	7	2
7158	1	6106	0	2	13	2.15
1710	1	6840	0	1	3	1.1
8086	2	8848	0	2	25	2.2
2786	1	2975	0	5	15	1.95
8337	2	7221	0	3	16	3.1
5340	1	2635	0	1	8	2
5426	2	8835	0	2	6	2.4
6341	2	8560	0	2	26	3
3094	1	5262	1	2	20	2.1
7705	2	5624	0	3	1	2.55
3839	1	3483	0	2	8	2.05
1616	2	5881	1	2	12	1.45
5803	2	2704	0	2	9	1.925
293	1	2196	0	1	8	2.35
6240	2	1962	0	2	6	1.3
1089	2	5949	0	2	12	3
4041	1	398	1	3	22	1.5
567	2	4715	1	0	20	2
8677	2	5378	1	0	4	1.2
4024	2	5959	1	2	22	1.9
477	1	7636	1	1	2	1
8778	1	3879	0	2	19	2.7
1198	1	8836	0	2	21	2.4
4849	2	2741	0	1	20	3.2
7679	2	8970	0	2	8	2.45
8367	1	8740	0	3	14	2.2
3259	1	6776	0	1	21	1.4
6584	1	5638	0	1	17	2.2
6507	1	7541	1	2	5	2.1
7616	2	2635	0	2	19	2.6
7339	1	3603	0	0	21	1.3
835	2	4482	0	2	2	2
3872	1	2070	0	1	23	0.9
3898	2	2008	0	2	12	3
5703	2	5499	1	4	15	1.75
244	1	1107	1	1	3	2.4
1976	2	2240	1	2	6	2.1
7523	2	5006	0	1	5	1.4
8551	2	2633	0	1	29	1.5
2464	1	2635	0	1	15	2.8
8583	1	6519	0	4	19	2.3
7283	2	8567	0	1	20	1.6
6948	2	1	0	1	11	1.9
5447	1	2839	0	4	22	2.5
787	1	5935	1	0	15	1.35
4850	1	3364	0	2	18	2.2
2724	1	1051	0	0	25	1.4
8873	2	1260	0	2	3	2.2
8608	2	4538	1	3	27	1.75
1303	1	8289	1	0	25	0.9
3327	1	1760	0	1	15	2.5
2542	1	5103	0	2	25	2.3
251	1	2899	0	4	12	3.4
7776	1	1264	0	1	20	2.4
3075	2	3514	0	2	5	2.5
4148	1	613	0	2	10	1.92
1412	1	1257	0	2	18	2.3
4906	1	8712	0	3	23	2.8
5024	2	5006	1	1	18	1.3
6833	1	7956	1	1	2	1.1
7738	2	3112	0	0	29	2.6
5516	1	8913	0	5	14	1.7
1090	1	6027	0	1	20	2.4
3731	1	1437	0	0	15	0.8
2634	2	52	0	2	4	2.1
7984	2	7813	0	2	19	2.25
3465	2	8249	1	1	7	2.5
692	1	552	0	1	29	2.3
6086	2	1647	0	1	26	2.3
535	1	8841	0	1	2	1.2
799	2	2317	1	2	9	1.65
1118	2	8526	0	3	9	2.45
3487	1	1472	0	2	11	2.1
5563	1	8491	0	4	10	2.9
157	2	487	0	1	20	2.6
4276	1	4000	1	2	25	2.3
1959	2	104	0	1	14	1.1
7134	2	2062	0	2	11	2.9
8790	2	2700	0	2	6	1.3
1620	2	2253	0	2	16	3.1
3686	2	1576	0	2	5	1.5
8671	1	1015	1	1	14	1.1
6452	1	4328	0	2	20	2.7
2952	2	5550	1	4	7	1.5
8777	2	2196	0	4	4	1.3
5631	1	4783	0	3	7	2.1
2403	2	3227	0	1	27	2.05
358	2	8145	0	3	12	3.1
2463	1	8541	0	1	2	2.2
5953	2	7813	0	3	15	2.55
5360	2	2052	0	2	22	2.8
2584	2	6477	0	5	13	2.7
2250	1	5006	0	2	3	1.6
6914	2	1783	0	2	5	2.9
3810	1	6768	1	1	26	1.9
6	1	4935	0	2	4	2.3
1292	1	7638	1	0	11	1.3
801	1	1274	0	2	18	3.1
1758	1	2317	1	2	27	1.95
2547	2	2899	0	3	11	2.4
3427	2	3137	0	2	5	2
249	1	2004	0	2	10	1.8
839	2	1085	1	3	22	1.6
2819	1	52	1	1	12	1.45
547	1	3834	1	2	22	1.7
8598	1	5642	0	2	3	2.8
6672	2	2265	0	1	27	1.025
6865	2	8342	0	2	14	2.4
2176	2	516	1	2	13	2.1
3834	1	5193	0	3	5	2.9
7891	1	7301	0	1	27	0.6
2451	1	1949	0	1	14	1.2
3604	1	4000	1	1	3	1.7
2737	2	7751	0	2	11	2.1
3052	2	3986	0	1	2	2
1942	1	4626	0	2	18	1.5
8657	1	6487	0	2	18	2.5
7190	2	8079	1	1	13	1.65
1550	2	901	0	1	14	2
8435	1	4523	0	3	10	1.78
1816	1	1760	0	0	8	1.35
2668	1	9017	0	1	3	1.3
3708	2	3785	1	5	9	1.55
431	2	556	1	2	6	2.3
4699	1	7202	0	3	22	2.1
5407	2	6621	0	1	18	1.9
8827	2	3834	0	2	2	2.8
666	1	2052	1	4	7	1.8
7735	2	64	1	2	18	1.8
2881	1	9021	1	2	1	1.4
4339	2	5935	0	4	13	3.2
298	1	7221	0	2	18	2.7
5870	1	4251	0	3	9	2.05
6604	2	5928	0	1	26	3.1
8795	1	1042	1	1	29	0.9
3284	2	3931	0	3	10	2.12
2412	1	968	0	3	27	1.95
1426	1	1515	1	0	8	0.65
7462	2	6516	1	1	7	1.9
5395	2	6637	0	0	27	1.2
2466	2	5103	0	0	29	0.8
5452	2	2704	0	1	12	1.35
6019	1	1164	0	1	7	2.6
8707	2	7780	0	1	21	2.1
3754	1	3687	0	1	11	1.8
3860	1	64	1	2	18	1.3
6636	2	6257	0	2	11	2.2
3692	2	8870	0	4	19	1.75
21	2	7636	1	2	22	2.3
6126	1	2526	0	3	19	2.35
949	1	8212	0	0	24	1.4
4262	1	8108	1	2	23	2
8906	2	3506	0	2	2	1.8
1000	2	6858	0	0	17	1.6
6839	2	8722	0	0	8	1.2
6472	2	2330	0	3	27	1.3
1031	2	149	0	2	11	2
2945	1	3054	0	2	26	3
7972	2	3539	0	3	7	2.9
6801	2	4600	0	3	27	3
2563	1	3289	0	1	27	1.3
1219	2	3367	0	5	7	3.4
8559	1	6299	1	1	1	0.95
8643	2	165	0	3	10	2.36
3014	2	5059	0	1	29	2.5
108	1	3668	0	2	16	3
4286	1	3592	0	2	27	2.6
3654	1	3659	0	4	16	3
2578	2	4252	1	3	19	1.75
2196	1	8732	0	2	14	2
3343	2	8973	1	4	1	1.6
7241	1	6786	0	3	1	1.6
8768	1	5119	0	0	5	0.9
2462	2	3270	0	1	18	1.4
4205	1	2899	0	3	13	3.3
3233	2	6215	0	0	23	3.5
6288	1	850	0	1	20	2.3
1168	2	7499	0	2	22	2.4
8476	2	3270	1	2	16	1.7
8485	1	487	0	1	29	2.5
6384	1	5440	0	2	5	3
8057	1	5915	0	2	1	2.15
3023	1	5396	0	1	29	1.1
5904	2	8504	1	0	8	1.25
2046	2	2704	0	1	8	1.75
6293	2	6846	1	0	26	2.2
3791	1	3879	1	2	15	1.9
8647	2	7499	0	1	5	1.7
8303	2	5410	1	2	11	1.8
3181	2	4195	0	5	1	1.95
7155	1	2654	0	0	29	2.1
3667	1	6102	0	2	18	2.5
7243	1	5239	0	1	21	2.2
8439	1	2633	1	3	23	2.1
6009	1	695	0	2	18	1.8
7963	2	2704	0	1	27	2.2
2128	1	7780	0	1	29	2.5
6648	2	6184	0	2	10	2.68
1902	1	3916	0	2	15	2.8
1940	2	5378	0	2	11	2.2
888	1	4854	0	2	14	2.7
7848	1	8978	1	2	27	1.45
8445	1	6	1	3	19	1.55
8019	1	1529	0	2	29	2.7
6838	2	8108	1	2	6	1.9
8252	1	4538	1	3	27	1.45
5117	2	3270	1	2	7	1.9
876	2	4836	0	2	18	2.8
2801	1	6282	0	2	18	3.1
7338	2	149	0	1	14	2.2
5294	2	8533	0	1	27	2.4
5658	2	2548	0	3	15	2.45
1496	2	6110	0	1	18	0.9
2428	1	2969	0	2	12	2.25
7365	1	3986	1	2	11	1.6
5481	2	1510	0	1	29	2.7
4662	1	1805	0	2	18	2.5
6091	1	5900	0	4	7	2.5
403	1	8978	1	2	27	1.65
3139	2	7638	0	3	22	2.5
5479	1	3048	0	2	6	2.3
6426	2	6516	1	3	12	1.75
7503	2	4489	0	3	13	2.5
8465	2	1372	0	2	3	1.2
4411	1	2843	1	1	6	1.8
1602	2	2062	0	2	7	2.4
8563	2	3832	0	3	5	2.9
5009	1	8712	0	2	5	2.1
5883	1	4797	0	2	12	1.35
7911	1	2467	1	0	12	1.7
4800	2	2843	1	2	18	1.5
6243	1	1974	0	4	10	1.79
1582	2	1398	0	2	26	1.9
6060	1	6300	0	3	20	2.9
4523	1	8037	0	3	9	1.975
3468	2	8111	1	1	11	1.8
7770	2	556	1	2	23	2.1
5257	1	4426	0	3	8	2.6
4832	2	2704	0	1	13	2.1
3916	1	331	0	3	4	2.1
6085	2	2432	1	4	11	1.9
2219	2	125	0	3	15	3
6625	1	4807	0	3	15	1.95
3209	2	8504	1	2	13	2
1220	2	3948	0	2	6	2.3
1762	1	1543	0	5	12	1.7
3369	1	772	0	2	13	2
6895	2	5580	0	0	19	1.7
6777	2	4358	0	1	25	1.4
3265	2	1241	0	2	27	1.6
6381	2	2623	0	2	15	2.15
5018	1	5006	1	3	23	1.7
7910	2	3038	0	1	13	2.5
2148	2	3065	0	1	29	2.6
8978	1	8116	1	1	26	1.6
6595	1	5296	0	2	11	1.8
3182	2	5084	1	3	26	1.9
454	2	3089	0	1	5	1.1
5822	1	7991	0	1	21	1.9
1917	1	4822	1	3	6	2.1
6653	1	4031	0	1	16	2.6
4549	2	1143	0	3	15	2.75
2682	1	1142	0	1	17	2.7
5881	1	7221	0	2	23	2.8
2110	2	7519	0	1	13	1.8
4114	1	8145	0	1	27	2.55
3345	2	6026	1	4	23	1.7
8688	2	809	0	5	4	2.3
6566	1	1971	1	2	12	1.85
708	1	8725	0	4	12	2.15
610	1	1571	0	1	5	1.5
1822	1	5473	0	3	1	1.375
2767	2	3839	0	1	19	2.7
3614	2	7568	0	5	1	2.5
3652	2	3483	1	3	19	1.9
2966	1	3914	0	2	5	2
7290	1	6214	0	0	5	1
4740	1	7873	0	2	1	2
771	2	5371	0	2	1	2.75
1322	1	1260	0	2	11	2.2
7598	1	335	1	2	12	1.6
2482	2	8669	0	1	21	2.1
4606	1	3846	0	0	17	1
3366	1	7956	0	2	18	2.3
6011	1	1042	1	1	29	1.2
8759	1	7931	0	2	18	2.1
7725	2	8877	0	3	22	2.9
1929	2	3038	0	3	9	2.65
2897	1	6858	0	4	6	3.4
2455	1	5516	0	2	13	2.25
6808	2	5436	1	2	13	2.25
4010	1	193	1	2	10	1.4
73	1	3687	0	3	22	2.2
7668	1	4306	0	1	2	1.4
7075	1	4742	0	1	20	2.5
4630	1	2780	1	2	22	1.5
3489	1	7541	0	1	20	3.5
1653	2	695	1	1	6	2.3
525	2	7043	0	1	3	2.7
6154	2	1074	0	0	23	0.8
3337	2	9021	0	4	19	1.75
7708	2	8361	0	1	13	2.3
1028	2	4426	0	1	4	2
4089	2	6930	0	2	10	2.25
6246	2	146	0	0	16	0.9
8359	1	987	0	2	20	1.6
468	1	3474	0	2	1	2.15
2843	1	8835	0	1	20	2.4
7982	2	7931	0	2	2	2.1
4370	1	2134	0	2	11	2.1
6128	2	6443	1	2	26	2
3924	2	7268	0	2	9	2
1829	1	4252	0	3	26	1.9
5104	2	3948	1	0	25	1
335	1	2515	0	2	11	2.5
6115	2	8021	0	2	13	2.8
5875	1	5580	0	1	26	2.4
4384	1	1375	0	3	25	2.7
3885	2	5631	1	3	15	1.55
4183	1	6892	0	3	19	1.8
8766	2	7686	0	3	21	2.1
150	2	335	1	2	12	1.7
4383	1	4256	0	1	12	2.3
2918	2	6443	0	5	22	2.3
7530	1	2069	0	3	12	2.1
7065	1	3655	0	2	19	2.45
8164	1	2250	0	2	16	3
2792	1	1142	0	3	21	2.2
7786	2	5006	0	3	6	2.2
3866	2	5499	1	3	27	1.45
8038	1	2604	0	0	27	0.65
3545	1	2814	0	1	20	2.2
6088	1	2113	0	3	11	2.3
3521	2	64	1	2	7	1.85
1399	2	6215	1	1	22	1.6
1417	2	1288	0	4	11	1.8
7348	2	2637	0	3	1	1.8
2611	1	6765	0	1	14	1.9
2314	2	7908	0	1	11	2
3163	1	2476	0	2	22	1.9
2637	1	6276	0	3	27	2.15
4977	1	1725	0	2	1	2.5
8700	2	556	0	3	25	1.8
3976	2	9023	0	1	11	1.8
1945	2	3926	0	2	16	2.4
541	2	8835	1	0	5	1.2
5080	1	1692	1	1	29	1.9
1389	1	6768	1	5	13	1.7
1248	2	5169	0	2	9	1.7
7273	2	4762	0	2	23	3
7261	1	2240	0	1	3	2.9
6185	2	995	0	1	22	2.3
6657	1	3111	0	3	13	2.7
1283	1	2974	0	3	14	2.7
52	1	2253	0	2	22	2.6
4861	1	3986	1	2	6	1.4
5908	2	1074	0	1	11	2.4
3499	1	2070	0	2	2	1.7
5512	2	8249	0	2	4	2.3
6068	1	7877	0	3	12	2.5
6984	1	2741	0	1	29	2.7
325	1	4192	0	2	22	2.6
6325	1	2467	1	2	8	1.6
6727	2	5503	1	1	13	2
6059	1	64	1	2	2	1.4
2263	2	8316	0	2	14	2.3
2302	2	6208	0	1	15	2.9
4677	1	3874	0	2	7	2.8
1759	1	3082	0	1	15	2.05
223	1	535	0	2	26	2.6
6437	2	5193	1	3	23	2.5
1764	2	1051	0	1	3	2.6
1926	2	6792	0	2	25	2.1
3527	1	9012	0	3	1	1.75
8772	2	2682	1	2	3	2.1
8994	2	2780	1	2	11	1.5
8175	2	2985	0	2	10	2.5
2262	1	3366	0	4	22	2.5
4232	2	4167	1	1	26	2.2
1057	1	5193	1	3	23	2.4
5342	1	8848	1	1	3	1.8
3557	2	2780	1	3	5	2.1
4202	1	8477	0	5	9	2.5
384	2	2240	1	2	6	1.9
479	1	3707	0	0	20	2.7
5281	2	4256	0	2	22	1.8
2102	1	7261	0	1	6	1.8
2485	2	9021	1	4	15	1.7
8176	2	1544	0	0	27	1.25
5048	1	4273	0	1	10	1.18
7652	2	8504	1	4	12	1.75
2382	2	6161	1	2	6	1.5
2774	2	8605	0	1	19	2.3
5641	2	4153	0	3	16	3.2
977	2	5556	0	1	27	2.4
8287	1	2097	0	0	21	0.9
5816	2	2780	1	2	16	1.6
5439	2	3483	1	3	19	2.3
3458	2	8567	0	2	23	3.4
3216	1	1456	0	1	13	2.5
6616	2	149	1	2	4	1.85
2846	2	6765	0	2	7	2.1
519	1	8183	0	2	11	2.2
1422	2	7499	0	1	23	2.5
915	2	1743	0	4	19	2.2
2008	1	3926	0	1	11	2
4175	2	6768	0	4	4	2.2
1809	1	6441	0	1	8	1.65
5473	1	6237	0	2	15	2.8
3542	2	3971	1	2	27	1.8
1843	2	1969	1	1	15	1.9
8737	2	331	0	3	7	1.9
6257	1	795	0	2	5	2
1948	2	2843	0	1	2	2.7
3533	2	1622	1	1	3	2.1
7934	2	5895	0	1	13	1.55
8960	2	2899	0	2	8	2.8
6924	2	1241	0	2	19	1.55
2274	1	8567	0	2	2	2
6960	2	6102	1	1	3	1.9
7390	2	546	0	4	15	1.75
2902	1	2966	0	1	14	2.5
1237	1	335	0	1	27	2.3
6479	2	7140	0	1	11	1.7
3855	2	8030	0	3	10	1.96
6305	2	4073	0	4	1	2.7
2090	2	4426	0	2	12	2.9
6901	2	6348	0	0	17	2.2
8364	1	695	1	1	3	2.1
4971	2	7681	0	3	4	2.5
6551	2	2966	1	2	2	1.4
2092	2	6215	1	2	2	1.6
8314	2	5580	0	3	15	1.45
2815	2	4827	1	1	26	1.4
4380	2	2780	1	2	2	1.4
1405	1	2062	0	2	18	2.2
1789	2	5675	0	4	11	3.4
5973	2	1073	0	2	1	2.8
1974	1	1411	0	1	19	2.5
4220	1	8182	0	2	21	1.9
8251	1	5576	0	0	17	1.2
7118	2	1829	0	5	13	2.8
901	1	6765	0	2	23	2.3
1831	2	3281	0	0	27	1.35
5751	1	3432	1	3	2	1.4
7208	2	5920	0	3	19	2.45
4631	2	7451	0	2	11	2.6
6729	1	8293	1	2	11	2
914	2	1783	0	2	6	3.2
7474	1	2623	0	4	1	2.2
694	1	3994	1	2	11	1.7
5194	1	5981	0	5	9	2.7
2029	1	4124	0	1	12	0.9
3428	1	6849	0	2	23	1.7
6796	2	8345	0	2	26	2.4
7697	1	4836	0	2	16	2.4
5110	1	8489	0	2	13	2.2
4006	2	4707	0	3	19	2.5
4886	1	5859	0	3	15	1.95
5506	2	6	0	5	15	2.8
3362	2	8835	0	1	29	2.7
4146	2	6340	0	4	1	1.95
7908	1	821	0	2	25	2.2
415	2	7424	0	2	2	2.2
6910	2	8970	0	1	14	1
4296	1	3600	0	0	17	2.3
6184	1	7374	0	1	27	2.6
8028	1	7122	0	1	20	2.8
3564	1	5110	0	3	15	2.55
4691	1	3659	0	3	23	3.6
143	2	6846	0	3	9	2.25
2044	1	8108	1	1	3	2.2
8395	2	6831	0	1	29	1.8
3690	2	2985	0	1	1	2.6
8841	1	4328	0	1	3	2.6
830	2	2188	0	2	15	1.85
1253	1	8341	0	1	16	2.3
5970	2	5831	0	2	2	1.9
6006	1	4485	0	1	26	3.1
1204	2	6215	1	1	16	2.1
3889	2	503	0	2	16	2.8
7313	2	4626	1	1	11	1
2790	1	3474	0	2	19	2.4
8054	2	7636	0	3	14	2.1
7055	1	613	0	1	27	0.95
154	2	3316	0	1	20	3.4
3502	2	8021	1	4	4	1.7
3998	1	2537	0	1	25	2.7
2718	1	3328	0	0	27	1.35
4990	1	5542	0	2	19	2.4
965	1	995	0	2	16	2.2
6687	2	240	0	1	20	3
1509	2	552	0	0	21	1.5
1257	1	6300	0	5	6	3.2
6035	2	8289	0	1	18	1
1052	2	5859	0	0	27	0.7
4577	2	1430	0	1	10	1.04
2155	1	7537	0	5	7	2.6
4999	1	8605	0	1	15	2.6
3148	1	1696	1	3	9	1.55
9040	1	4473	0	2	5	2.5
756	2	3356	1	1	12	1.9
6476	1	5881	1	5	14	1.4
1950	2	8970	0	2	12	2.85
8788	1	3559	0	0	20	2.7
2859	2	762	0	1	18	0.9
3883	1	8598	0	2	6	1.7
1470	1	2330	0	3	1	2.45
8207	2	7301	0	5	19	2.3
6046	2	3111	0	3	12	2.8
140	1	1529	1	4	23	2.5
2161	2	8980	1	2	1	2.3
5302	2	6843	0	1	9	2.65
8882	1	869	0	4	1	2
485	1	8202	0	1	19	2.6
7726	2	149	0	1	12	3
3421	2	1846	0	2	26	2.3
7894	2	5287	0	2	5	1.8
5980	1	8202	0	2	27	2.4
5791	2	8533	0	1	19	2.4
3195	2	125	0	2	9	2.5
8281	1	8342	0	2	26	2.9
4027	2	8202	0	3	9	3.25
86	1	7374	0	1	19	2.7
2384	2	3270	1	2	16	2.7
759	2	5673	0	2	23	3.1
8097	2	3364	0	1	5	1
106	1	2515	0	3	7	2.8
5012	2	2682	0	1	20	2.5
1014	2	1916	0	0	25	1.6
1050	2	17	1	0	17	2.1
3164	1	1411	0	1	27	2
8292	1	5550	1	2	11	1.1
6188	2	2052	0	1	18	0.8
2207	2	7780	0	0	17	2.4
4762	1	8321	0	2	3	3.1
5127	1	8004	0	3	19	2
3902	1	9017	0	2	25	1.8
7186	2	8164	0	2	7	2.6
6038	2	4482	1	3	22	2
5397	1	3208	0	1	1	1.45
1117	1	6849	0	2	22	3
6274	2	7615	1	0	4	0.9
5536	2	5561	0	2	20	1.8
4704	1	561	0	3	14	2.1
8475	1	6706	0	3	2	1.9
6475	1	4034	0	5	9	1.5
2275	2	5296	0	2	14	2
4069	1	945	0	1	22	1.1
4935	1	668	0	2	16	3.2
8635	2	8293	1	2	11	1.9
2395	2	8810	0	2	5	1.6
8686	2	8958	0	1	20	2.4
8811	2	4463	0	2	29	1.2
4460	1	3027	1	1	29	1.6
8456	2	8004	0	3	27	3.2
7312	1	4252	1	1	9	1.4
5199	1	1074	1	3	22	1.9
1196	2	8973	1	3	19	1.6
7694	2	1793	0	2	16	2.4
1971	1	6717	0	3	14	1.4
385	2	2412	0	0	19	1.6
578	1	3659	0	2	3	1.7
7497	2	2985	0	2	8	2.15
5324	1	4085	0	2	22	2.4
5543	1	1437	0	3	10	1.98
7600	1	6299	1	2	13	1.3
6639	1	8500	0	1	3	1
3965	1	3832	1	2	22	1.9
5667	2	1833	0	1	13	2.8
7810	2	6527	0	3	1	2.35
1705	1	5296	0	1	26	2.5
4292	1	4781	0	2	18	1.9
521	2	2113	0	2	9	1.8
997	1	2945	0	2	12	0.95
4135	2	7840	0	1	5	2.4
5790	1	262	0	3	10	1.62
5155	1	3519	0	0	1	0.75
1932	2	6717	0	1	7	2.25
6762	1	516	1	4	12	1.6
7177	2	6005	0	1	19	1.25
4798	1	6102	1	3	6	2
5486	1	6215	1	2	18	1.5
4343	2	43	0	2	5	2.7
6070	1	7716	0	1	19	1.35
7066	2	7937	0	1	5	1.1
4182	1	1725	0	2	15	3.15
3858	2	75	0	1	11	2.3
2775	2	9017	1	0	23	1.5
7560	2	2635	0	4	12	1.7
8120	2	1531	0	0	4	1.2
628	1	1858	0	4	1	2.5
265	1	8603	0	2	19	1.85
2987	1	6850	1	1	29	2.1
8168	2	8234	0	3	2	1.5
2200	1	2637	0	2	10	2.2
5579	2	795	0	2	16	2.8
7427	2	1024	0	4	11	2.4
2788	1	7355	0	4	23	2.8
5769	2	5357	0	2	13	2.3
1763	2	4049	0	2	3	1.4
5945	2	4179	0	4	7	2.7
2413	1	8841	0	3	16	2
8618	2	668	0	3	5	3.2
4316	1	1334	0	1	21	2.7
6500	2	7068	0	3	5	2
4480	1	4000	1	1	29	1.6
8742	1	844	0	2	3	1.9
836	2	5677	0	0	24	1.3
810	1	6768	1	0	9	1.5
6774	1	3558	0	4	19	2.1
5855	1	2604	0	3	1	3
7584	1	6174	0	2	6	2.6
3851	1	8600	1	1	11	1.6
190	2	6208	1	1	9	1.7
1802	1	5831	0	0	4	1.475
6733	2	140	0	3	14	2.4
6917	2	6858	0	1	18	1.4
7753	1	5287	0	2	18	1.8
18	1	8293	1	2	22	2
8535	2	1085	1	2	11	2
6560	1	3916	0	1	8	1.5
7389	2	450	0	3	13	1.8
2799	2	5006	1	1	18	1.1
3537	1	3356	1	0	8	1.55
8462	1	4373	0	0	10	0.76
172	2	6788	0	1	24	1.4
3050	1	6840	0	2	6	1.4
64	1	1916	1	1	3	2
2089	2	7956	1	2	16	2.6
2734	2	4672	0	1	19	2.35
3102	2	3592	0	4	8	1.65
6034	2	3785	0	2	1	2.65
2273	2	4489	0	2	9	2.3
1515	1	351	0	4	14	1.8
4888	1	3483	0	4	27	2.65
3760	2	6299	1	3	1	1.6
373	1	8321	0	2	23	3.1
3837	1	5220	0	3	4	2.7
1024	1	8712	0	2	2	2.4
1938	1	5314	0	2	26	1.6
7453	2	2467	0	3	14	2
1539	1	1037	1	1	9	2.1
4260	1	2467	1	2	8	1.75
7482	2	3948	0	0	21	0.6
1535	2	2240	1	2	23	2
3808	1	6778	0	1	29	2.3
7512	1	2293	0	0	17	2
9013	1	3082	0	2	13	2.4
2177	2	5422	0	2	3	2.4
728	2	6846	0	1	13	3
8615	2	1993	0	2	22	2
6464	1	3316	0	2	21	2.6
3778	2	6689	0	2	2	1.9
4934	1	5751	0	5	26	3.2
6726	1	6858	0	0	21	1.2
8449	2	7541	0	2	25	2.7
2960	1	1321	0	1	18	1.1
201	2	351	0	2	12	2.8
6652	2	4485	1	1	12	1.8
188	2	5691	0	2	22	2.3
2798	1	5959	0	2	2	2.4
7304	2	5296	0	3	4	1.5
126	2	8145	0	1	13	2.15
854	2	7417	1	0	29	1.4
7653	2	4167	0	3	4	2.45
4931	2	4485	0	5	4	1.85
3403	2	6768	0	4	14	2
6023	2	5556	0	2	13	2.6
8794	1	8877	0	2	14	2.4
7230	1	1714	0	2	20	2.5
2173	1	8678	0	5	14	2.1
2430	1	8345	1	1	9	1.9
2716	2	1437	0	1	19	1.05
2350	1	2250	1	3	23	1.4
819	2	2113	0	3	14	2.5
8037	1	535	0	4	7	3.2
9021	1	4256	1	2	26	1.2
7449	2	8164	0	2	11	1.5
5810	2	5193	0	1	29	2.4
8959	2	3994	1	4	14	1.7
7301	1	6237	0	2	9	2
5052	2	556	1	2	3	1.9
3479	1	2134	0	2	22	2.2
8200	1	6271	1	2	25	1.3
76	1	8732	0	2	9	1.75
4836	1	7613	1	1	20	2
5685	1	5580	0	3	12	2.4
7369	1	2654	1	0	25	1.1
8808	1	4251	0	1	19	2.6
2855	1	64	1	2	11	1.6
3696	1	43	1	3	18	1.7
6803	1	6001	0	2	7	2.7
7504	2	7268	0	1	13	2.2
4690	2	7642	1	3	4	1.9
2515	1	7842	0	2	5	2.2
1866	2	3698	0	0	4	1.55
580	1	1142	1	0	25	1.2
8173	2	3364	0	1	16	3.4
3397	2	7024	0	4	11	2
957	2	795	0	2	18	2.4
413	1	916	0	2	11	2.9
6994	1	8703	0	3	4	2.1
1916	1	8866	0	2	21	2.2
8078	1	6161	1	2	11	1.5
4050	1	1107	0	2	5	2.8
7925	2	2412	0	0	15	0.85
3735	1	7424	0	0	23	2.3
805	1	2697	1	2	22	1.6
3697	2	43	0	1	3	3.1
5686	1	7931	0	2	11	2.7
5013	1	8980	0	2	15	2.4
2474	1	1107	0	1	29	2.1
2077	1	335	0	3	4	2.15
5737	2	6375	0	1	29	1.9
1474	2	8865	1	2	20	2.3
2506	1	7202	0	2	14	2.8
8838	2	6689	1	1	16	1.2
1691	2	1107	0	2	18	1.4
2539	2	774	0	5	27	2.5
3736	1	516	1	1	15	2.15
3110	1	4195	0	0	19	1.1
7433	2	7908	0	3	18	3.1
5213	2	43	1	3	18	1.6
5542	1	6788	0	3	12	3.2
6804	2	7779	0	3	23	3.5
6371	1	5556	0	1	9	2.2
3330	2	3948	0	1	20	2.2
9035	2	2515	0	2	23	1
8993	2	6153	0	0	5	1.2
4583	1	2934	0	2	13	2.55
5842	1	4871	1	3	6	2.5
1144	1	6803	0	0	4	1.45
1472	1	503	0	2	2	2.1
275	2	5831	0	1	14	3
2536	2	8021	1	2	8	1.2
4782	2	7287	1	4	9	1.25
2425	2	6340	0	3	10	2.1
1240	1	8692	0	1	16	2.8
3598	2	8489	0	4	9	1.75
3758	2	4820	1	0	25	1
5351	1	4455	0	1	1	2.4
5505	1	6765	0	4	2	1.7
4517	1	8063	0	2	8	2.1
7418	1	2034	1	4	19	1.7
4039	2	1411	0	3	15	3.2
6025	2	1900	1	0	20	2.2
5550	1	2982	0	3	23	3
3455	2	5550	0	1	2	1
6612	1	3857	1	1	12	1.65
5572	1	6689	0	2	18	2
5128	2	7448	1	1	11	1.7
7837	1	5831	0	1	11	3.2
15	2	4600	0	3	9	2.55
7529	2	6503	0	2	12	1.5
6572	1	2899	1	2	4	1.6
5898	2	6930	0	2	1	2.5
8345	1	1164	0	2	4	2.75
3158	1	2286	0	0	10	0.94
4546	2	2070	0	2	16	2.6
6501	2	1783	0	4	18	3.4
3028	2	7448	0	0	23	0.8
3664	1	3834	1	2	22	1.9
7681	1	7842	0	1	22	2.6
3107	2	8669	0	0	20	2.3
4044	2	8111	1	1	11	1.9
4096	2	6158	0	2	16	3
14	1	8116	1	1	26	2.1
2844	2	7779	0	2	6	1.4
7323	1	4517	0	3	19	3
246	2	1355	0	5	15	3
8002	2	8489	0	2	8	2.2
3831	2	64	1	2	11	1.5
5982	2	2286	0	2	15	1.7
3020	1	3785	1	4	8	1.4
8115	1	8289	1	1	2	0.9
4557	2	511	0	5	6	3.7
3673	2	8079	1	1	13	1.6
6303	2	8376	1	2	12	1.65
173	1	6843	0	1	13	2.2
6946	1	4000	1	2	6	2.2
5776	2	4328	0	3	5	2.9
4079	2	3173	0	2	2	1.2
7275	1	6768	1	5	13	1.7
6968	2	8896	0	3	15	2.25
3454	1	3733	0	1	27	1.45
8621	2	4672	0	2	15	2.35
5280	2	4552	0	0	4	0.7
2355	1	6001	0	2	4	1.8
1371	2	2665	1	4	23	2.7
7074	2	3592	0	1	13	2
5551	1	8037	0	5	26	2.1
6299	1	8901	0	2	7	2.8
6859	2	4251	0	1	15	2.95
2150	1	7956	1	2	11	1.6
6667	1	5751	0	1	8	1.7
27	1	2240	1	2	5	1.7
1160	1	6299	1	2	27	1.55
2683	2	2945	0	1	13	2.6
5844	2	809	0	3	11	1.5
6337	2	5503	0	2	12	2.7
3111	1	4085	0	2	7	1.8
6853	1	6252	0	2	7	1.9
2328	2	7898	0	3	8	2.4
7658	2	3971	0	3	15	2.95
7509	1	5436	0	2	14	1.6
8084	2	2186	1	5	15	2
2389	1	6006	0	3	1	2.5
1011	2	3483	1	2	15	1.95
8092	2	4251	0	0	13	1.45
4300	2	4167	0	1	8	2.3
3922	1	1674	0	0	4	1.25
706	1	8567	0	2	16	2.9
96	2	2654	0	3	3	3.3
8370	1	1916	0	1	29	2.6
6693	2	2780	1	2	22	1.5
1903	2	4506	0	1	21	1.4
484	2	4626	0	2	23	1.8
6028	2	695	0	0	21	1.7
6237	1	535	0	2	4	1.9
4578	1	6252	0	2	11	2.6
6369	2	8901	1	0	26	1.7
4128	2	4854	0	1	12	2.5
2753	2	4871	0	2	25	1.4
5520	1	4037	0	4	10	2.52
8690	2	8145	0	2	8	2.45
8136	1	692	0	2	2	1.9
4685	1	6232	0	2	5	1.2
8538	2	8026	0	1	29	1.4
3	1	339	0	3	18	2
6506	2	3432	0	3	23	2.9
8161	2	3986	0	2	3	2.4
4259	2	3754	0	1	7	1.55
2834	2	5751	0	1	14	2.1
7688	1	7068	0	2	6	2
5874	1	2240	1	1	29	1.4
1657	1	1900	0	0	17	2.2
5143	1	8600	1	2	22	1.5
6142	1	8289	1	2	23	1.6
6143	1	4252	0	2	12	2.1
2307	1	7355	1	1	18	1.1
9032	1	2985	0	2	19	2.8
7990	1	7898	0	1	27	2.15
3870	2	901	0	2	11	2.3
5431	1	6027	1	3	23	2.2
8894	1	795	0	3	23	2.9
4516	1	1199	0	0	29	1.7
8645	2	4558	0	0	21	1.1
5885	2	6717	0	2	22	2
8268	1	772	1	2	9	1.4
20	1	745	1	1	12	1.6
316	2	8028	0	0	25	1.2
2560	2	5503	0	1	4	1.05
7219	1	8732	0	4	4	2.4
4867	1	2980	1	1	7	1.6
6008	2	6946	0	2	18	2.6
4404	2	5881	1	2	26	2.1
161	2	7842	0	2	6	2.5
4185	1	4836	0	0	11	2.4
5830	2	3994	0	1	2	1.4
8316	1	4153	0	2	2	2.5
104	1	7510	0	3	22	1.9
6539	2	5565	0	2	9	1.9
6292	2	6778	0	3	23	3.2
6295	2	3464	0	3	5	2.5
4143	2	7842	0	2	3	1.9
146	1	6487	0	2	2	2.5
5291	1	556	0	1	29	2.2
865	2	6476	1	2	24	1.1
8036	2	4302	0	1	29	2
8050	2	1916	1	2	5	1.7
3228	2	2306	0	2	12	2.4
5211	1	7813	0	2	13	2.2
6216	1	8560	1	1	8	1.35
3129	1	2913	0	0	17	1.2
7842	1	6400	0	1	29	3.3
194	1	3316	0	2	5	2.5
5591	2	2843	1	2	18	1.6
1769	1	6299	0	0	4	0.75
8196	2	7842	0	2	7	2
1966	2	6282	0	1	5	1.7
7318	2	1260	0	5	22	3.1
969	1	3356	1	1	12	1.6
2149	2	8091	0	1	19	1.4
2665	1	2741	0	1	21	2.5
3460	2	7877	0	2	8	3
3076	2	4246	0	2	9	2.45
5035	2	6403	0	2	17	2.7
5794	1	2367	0	1	10	1.02
6812	2	5181	0	1	27	1.05
7506	1	6792	1	3	6	2.1
8986	1	6647	1	3	12	1.95
2962	2	4781	0	4	4	2.1
3794	2	8345	1	1	27	2.1
4948	2	8913	1	3	7	1.15
6999	1	922	0	3	16	1.6
35	2	7716	0	0	15	1.1
6663	1	3227	0	1	8	1.9
6807	2	5516	0	2	12	2.5
6250	1	3843	0	2	15	2.65
1140	2	7622	0	2	15	2.45
6975	2	1576	1	1	23	1.6
3994	1	8364	0	2	23	2.9
8373	1	2034	0	4	27	2.2
7221	1	7434	1	1	3	2.2
3668	1	7541	0	1	3	3
2141	1	4273	0	3	19	1.45
1251	2	4347	0	1	22	2.5
7117	2	162	0	3	22	1.8
5357	1	6106	0	1	26	2.5
8361	1	8341	0	3	26	2.9
1635	1	6215	0	1	6	1.5
4729	2	1411	0	4	10	2.57
4426	1	7842	0	4	14	2.4
7197	2	7990	0	3	10	1.88
8423	2	5440	0	1	6	3.2
3972	1	6849	0	1	2	1.7
429	2	1143	0	3	19	3
8068	1	3879	1	2	15	1.6
8355	2	8321	0	1	29	2.6
510	2	7034	0	2	18	1.5
6470	1	1829	0	4	12	1.75
2247	2	263	0	1	7	2.8
582	1	6831	0	3	23	3.2
7303	2	4822	1	1	3	1.9
2565	2	2272	0	4	15	2.3
5191	2	8108	1	1	3	1.9
3043	1	2604	0	3	15	2.15
6451	2	715	0	2	3	2.7
2696	2	6843	0	1	15	3
1586	2	5314	0	2	12	1.6
311	1	6125	0	2	15	2.1
2961	2	140	0	1	2	2.1
6637	1	1456	0	1	9	2.45
5071	1	5960	1	4	19	2.1
7788	1	5230	0	2	10	1.9
7704	2	3914	0	2	25	2.2
7419	2	516	1	2	13	1.8
6357	2	75	0	1	14	1.5
8662	1	8063	0	4	19	2.7
6197	2	4935	0	1	13	2.4
5920	1	4783	0	2	4	1.8
3815	2	3871	1	2	7	2.2
3515	1	3543	0	0	25	1.3
3504	1	229	0	2	15	2.5
1131	2	5529	0	1	16	1.5
2779	1	7219	0	3	26	1.7
111	1	9023	0	4	23	1.5
6911	2	4822	0	1	20	2.9
4749	1	1398	0	4	8	1.9
7723	1	7506	1	2	11	1.4
5450	1	9012	0	3	10	2.2
4110	1	5033	0	2	15	2.15
964	2	3747	0	2	15	3.2
6474	2	8108	1	1	29	2.1
8177	1	546	0	0	27	1
669	2	1274	0	2	2	2.7
7534	2	2974	0	3	7	2.9
5504	2	5631	0	2	13	2.4
3728	2	2548	0	4	9	1.75
7464	1	4783	0	1	13	2.3
3368	2	2188	0	3	19	2.45
5440	1	587	0	1	20	3.4
1793	1	4085	0	2	23	1.7
1482	1	3766	0	1	20	2.4
2771	2	4204	0	1	29	1.8
3865	1	7333	0	5	15	3.15
8290	2	4000	1	1	29	2.3
9054	1	5084	1	4	8	1.5
1598	2	5103	0	1	3	2.8
8	1	1529	1	4	23	2.2
6361	1	7583	0	2	17	2.4
7696	2	5340	1	2	1	1.4
3500	2	7618	0	2	25	3
6362	1	7219	0	5	12	2.1
1584	2	1793	0	1	2	1.1
711	2	8973	0	5	10	2.42
6632	2	5895	1	4	8	1.45
3318	2	3376	1	1	22	1.5
6273	2	1607	0	2	3	4
7216	2	5529	0	3	14	2.5
6201	2	7230	0	1	29	1.2
909	1	1760	0	1	27	2.35
6509	1	1833	0	2	8	1.3
2797	1	8567	0	1	29	1.8
1138	2	2700	0	2	22	2.8
6196	2	2279	0	3	15	1.8
8202	1	75	0	1	26	2
5700	2	1106	0	3	10	2.46
7881	2	3376	0	2	23	3.1
4455	1	3971	0	2	9	2.35
7975	1	3376	0	2	18	2.8
4047	1	4820	1	1	20	2.3
618	2	64	0	2	14	2.4
6611	1	869	0	0	27	0.5
5981	1	7642	1	0	26	1.8
7232	1	8376	0	2	11	2
4504	2	1689	0	2	13	2.7
8146	2	1398	0	2	12	2.6
3938	2	4822	0	2	29	3.3
5470	1	1529	0	2	5	1.8
6978	2	7434	1	3	23	2.7
428	2	4927	0	1	26	2.5
3782	1	4517	0	4	27	2.5
6745	1	2633	1	3	6	1.4
8505	2	7221	0	2	6	1.5
1962	1	2682	1	2	3	1.8
1760	1	2008	0	2	26	2.8
634	2	5815	1	4	19	1.7
5693	1	6215	1	2	2	1.3
1963	1	6843	0	1	1	2.25
4015	2	5981	0	2	15	3.4
2655	1	2704	0	1	19	2.4
1326	2	1568	0	2	11	1.7
4429	2	3857	0	4	8	3.3
1308	1	6059	0	5	16	1.4
3435	1	2769	1	2	19	1.45
5026	1	406	0	4	19	2.25
7839	1	7780	0	1	5	2.1
7411	1	8944	0	3	17	2.5
8958	1	6182	0	3	21	2.5
882	1	4888	0	0	15	0.85
4252	1	6647	0	3	4	2.15
2287	1	1149	0	0	10	0.9
8286	2	8316	1	1	12	1.95
1059	2	4762	0	2	6	1.9
164	2	6102	0	1	21	1.3
682	1	3464	0	1	29	2.6
2186	1	3111	0	3	8	2.6
8211	2	3111	0	3	9	2.3
844	1	6174	0	2	25	2.2
1224	2	4871	1	2	23	2.3
2721	1	4820	1	1	29	1.9
517	1	4484	0	5	10	1.5
1753	2	240	0	3	23	3.7
4033	2	774	0	5	15	3.1
709	1	3558	0	1	13	1.35
7153	2	4822	1	1	3	2
4233	2	5744	0	0	17	2.9
8227	1	7085	0	2	10	1.6
8321	1	5642	0	2	21	2.1
8123	1	6	1	3	19	1.6
3373	2	4265	0	3	27	2
4285	2	7751	0	1	14	2.9
3191	2	335	0	2	7	2
342	2	8037	1	3	13	2.1
658	2	1164	0	5	12	4
2583	2	5262	0	0	17	2.1
6335	1	8848	0	1	20	2.3
8544	1	6786	0	3	19	1.4
2453	2	382	0	4	9	1.8
8852	1	3879	1	5	9	1.55
8857	2	3416	1	4	12	2.5
7355	1	8200	0	1	3	2
1568	1	8835	0	2	3	2.4
3943	2	6755	1	1	6	2
5453	2	2665	0	1	29	2.6
2420	2	6325	0	2	15	2.5
4266	2	6505	0	1	12	1.65
5144	2	5881	0	2	18	1.4
5957	2	2814	0	1	29	2.5
731	1	1983	0	1	22	1.2
4675	2	2792	0	2	20	1.7
2376	2	6850	0	2	25	2.5
8333	2	8234	1	1	23	1.2
1279	2	6908	1	0	6	1
5729	2	3659	0	2	16	3.2
3188	2	229	0	0	8	1.35
2415	2	5057	0	4	14	1.5
2052	1	476	0	2	23	2.4
8360	1	2265	0	2	1	2.45
4579	2	3464	0	3	25	2.9
7422	1	8342	0	3	12	2.4
7588	2	7515	0	2	10	2.1
910	1	692	0	1	23	2.5
2863	1	1622	1	2	6	1.9
7494	2	1725	0	1	13	2.9
7108	1	2985	0	2	15	2.8
3749	2	1260	0	4	23	4
5043	2	8978	0	3	13	2.2
2663	2	240	0	2	5	3.2
3628	2	5033	0	2	1	2.6
3509	1	8274	1	2	11	1.5
3937	1	5815	0	3	15	2.5
2511	2	104	0	1	4	1.95
5627	1	8268	0	1	27	1.35
4430	2	7840	0	1	3	2.3
252	1	1809	0	2	1	2.55
332	1	8896	0	2	19	2.45
7068	1	1622	1	2	25	1.4
8872	1	2857	1	0	17	1.9
4932	1	4246	0	3	8	1.65
4801	1	6520	0	0	4	0.675
2713	2	1353	1	1	29	1.6
5401	2	6768	1	1	26	2.3
7351	2	5920	1	3	12	2
3636	1	1472	0	2	14	2.1
2976	2	1532	0	3	7	2.6
7797	1	5881	0	2	22	3
5950	1	7421	0	1	21	2.6
4534	2	3208	0	1	10	0.98
3295	1	1241	0	2	9	1.4
3221	2	6831	0	2	2	1.7
1794	1	3840	0	3	26	2.7
4347	1	2780	1	3	5	1.2
4987	2	8079	0	2	7	1.5
2709	2	2780	1	4	6	3.1
1884	2	1607	0	2	25	3
5469	1	4820	0	2	21	1.8
7926	2	5436	0	3	4	1.8
1423	2	1900	0	0	3	2.6
5616	2	3733	0	1	8	2.3
1519	2	6159	1	4	12	1.8
5517	2	2974	1	2	26	2.5
153	1	5436	0	2	12	3
1755	2	1073	0	1	13	2.9
7041	2	3846	0	1	20	2.3
7450	1	2464	0	2	1	2.25
7085	1	5960	0	3	15	2.8
3326	1	3843	0	2	8	1.55
2134	1	6831	0	1	3	2.8
3894	2	4153	0	2	18	3
5299	1	3655	0	1	9	2.3
7000	2	5314	0	2	18	1.5
3687	1	503	0	2	23	2.1
8091	1	3054	1	2	27	1.1
8963	2	7448	1	1	16	1.8
8792	1	4000	1	1	20	2
7033	1	7776	0	0	29	1.8
7822	2	4735	0	4	12	1.95
7680	2	1689	0	5	9	2.95
2823	1	5556	0	2	8	2.5
1850	2	745	1	2	26	1.9
4907	2	5378	1	0	4	1.4
7330	2	5981	1	1	19	1.95
6887	2	4542	0	3	11	2.5
6306	1	8533	0	2	13	2.2
8455	1	8866	1	0	17	2.1
8018	1	1456	1	3	1	1.8
3980	1	8932	0	2	4	1.25
6340	1	6125	0	4	9	1.975
8079	1	1532	0	3	14	1.7
5764	2	1564	0	4	10	1.72
2013	2	8865	1	2	20	2.7
4889	2	3698	0	1	24	1.4
4708	1	5773	0	1	11	2.3
3622	2	2476	0	2	11	2.8
3477	1	1355	0	2	19	1.9
668	1	1529	0	0	20	2.9
7520	1	1969	1	3	10	1.31
4095	2	3564	0	1	19	0.85
4056	2	5935	1	2	15	1.65
2749	1	6526	0	5	4	1.55
6556	2	1456	1	3	1	1.6
2216	2	6132	1	5	12	2.5
6519	1	7333	0	3	27	3
5615	1	4265	0	3	19	2.45
7779	1	695	1	1	3	2.1
3001	1	3514	0	1	21	1.5
7942	1	8746	0	2	7	2
5329	1	4085	0	3	18	2.1
3048	1	6858	0	2	25	2.8
2633	1	5642	0	1	20	3
7092	1	6132	0	4	14	2.9
6439	1	3834	1	2	16	2.4
3474	1	8004	0	2	9	2.3
7939	1	2070	0	1	18	1.6
2313	1	8316	0	2	11	2.4
1669	1	1840	0	2	10	2.06
2947	1	7642	0	3	22	1.6
5168	1	4153	0	2	7	3.15
5390	2	970	0	4	7	2.9
2507	1	4836	0	1	29	1.4
5353	1	1456	1	2	19	1.6
8672	1	535	0	4	11	2.4
6620	2	3559	0	0	21	2.7
2104	1	5673	0	2	18	1.9
2357	2	2196	0	2	12	3
1828	2	5008	0	1	29	1.3
3143	1	6282	0	3	6	1.4
3591	1	6871	0	4	12	1.95
4870	1	5371	0	1	19	2.1
3887	2	8980	1	2	1	2.075
8125	2	8810	0	2	18	2.1
2318	2	8835	0	2	21	1.6
5309	1	901	0	5	7	2.5
1106	1	3558	0	2	9	2.1
1346	2	8111	0	1	2	1.6
6402	2	2467	0	1	26	2.8
1312	2	5318	0	1	16	2.9
5001	1	255	0	5	26	2
8801	2	125	0	2	19	2.4
7250	1	7519	0	2	8	1.9
7131	2	6555	1	1	26	1.5
3488	2	3376	1	4	16	2.3
461	2	2654	0	0	17	2
8909	1	1794	0	4	12	1.25
3678	2	2537	0	0	17	2.6
8416	1	8341	0	2	2	1.9
1777	1	450	0	1	27	2.05
8396	2	1689	0	4	27	2.9
3384	2	3994	1	1	7	1.5
2332	1	6792	0	1	29	1.9
4814	1	2975	0	1	19	2.3
5864	2	4286	0	0	19	1.15
91	2	6792	0	1	20	3.3
4002	2	3483	0	1	13	2.8
8023	2	6	0	1	27	2.65
3821	1	772	0	2	1	1.8
802	1	7333	0	5	13	2.4
7716	1	6325	0	1	27	1.85
2043	2	5956	0	2	14	2.1
1683	1	2780	1	2	16	1.6
1666	1	7222	0	2	18	2.1
8024	2	1164	0	2	16	1.8
301	2	8526	0	2	8	3
6108	1	8866	1	2	20	1.9
1100	2	6516	1	1	26	2.3
2472	2	4484	0	0	1	0.75
3078	2	1993	0	2	11	2.4
1931	1	7950	0	0	17	2.2
6600	1	2240	1	2	23	2.2
2399	2	7710	0	2	25	2.1
3849	1	2913	0	2	25	1.7
4329	2	8932	0	3	9	2.45
2004	1	6516	1	1	26	1.9
2296	2	8021	0	1	8	1.05
6684	1	5691	0	2	18	1.8
5670	1	3270	0	1	11	2.4
2481	1	2985	1	2	9	1.95
6821	1	7779	1	2	22	1.4
4037	1	2004	0	1	15	2.95
7526	1	8249	0	2	11	2.5
341	2	6937	1	0	9	0.95
4763	2	3082	1	4	9	2
1146	2	7374	0	1	8	1.5
7802	2	8746	0	2	14	1.2
3459	2	1274	0	3	11	3
4924	1	6069	0	4	1	1.8
681	1	3650	0	2	10	2.5
2873	2	5075	0	0	16	0.8
5148	2	4514	1	4	4	1.3
3847	1	3747	0	2	27	2.65
4066	2	5371	0	1	13	2.8
2886	2	7068	0	2	2	2
7447	1	6400	0	1	20	2.4
2548	1	6849	0	3	14	2.1
543	1	6325	0	1	10	1.14
1698	1	2317	0	1	26	2
1721	1	4739	0	2	9	2
304	2	1674	0	2	26	2.5
5650	1	8364	0	1	5	1.2
8189	2	968	0	2	15	2.6
9022	2	3650	0	5	15	2.5
8140	1	5529	0	0	11	1
6656	2	6132	0	3	8	2.15
4781	1	7541	1	2	5	2.3
5596	1	8200	1	1	6	1.6
6793	1	6994	1	2	9	1.45
5608	2	1206	0	5	3	3.1
565	2	5516	0	1	26	2.8
