ID	SEX	MUMID	TWIN	CAPAGE	BIRTHYEAR	BIRTHWT
6805	2	3644	0	1	29	2.1
6288	1	850	0	1	20	2.3
5875	1	5580	0	1	26	2.4
2660	1	8274	0	3	22	2.2
132	1	7488	0	5	15	2.6
32	2	7813	0	1	9	2.2
9022	2	3650	0	5	15	2.5
6164	2	5550	1	4	7	1.4
7471	1	6208	1	1	9	1.75
8834	2	8734	0	0	5	1.8
4347	1	2780	1	3	5	1.2
2163	2	8093	0	0	25	1.4
5110	1	8489	0	2	13	2.2
411	1	8746	0	2	12	2.6
568	2	861	0	4	17	3
3237	1	6237	0	1	13	1.8
6382	1	2697	1	4	7	1.75
1842	2	3637	0	0	9	1.2
2313	1	8316	0	2	11	2.4
2369	1	5928	0	2	12	2.4
1685	1	1793	0	1	11	2.3
8981	1	6621	0	4	20	3.5
6394	1	5006	0	3	16	3.2
4813	1	7710	1	3	23	1.5
6154	2	1074	0	0	23	0.8
5595	1	1257	1	2	16	2
1576	1	1622	1	1	3	1.9
549	2	2780	1	2	11	1.7
7297	2	6027	1	2	25	1.4
8286	2	8316	1	1	12	1.95
2776	2	3015	0	2	23	2.9
7066	2	1650	0	1	5	1.1
459	2	6102	0	3	20	2.8
1948	2	37	0	1	2	2.7
9035	2	2515	0	2	23	1
191	1	7816	0	3	6	1.5
8879	1	4167	1	3	13	1.4
2700	1	6858	0	4	3	3.1
5282	1	745	1	1	12	1.7
751	1	582	0	4	14	2.3
6035	2	8289	0	1	18	1
1303	1	8289	1	0	25	0.9
5233	2	695	0	2	5	2.2
2627	2	5950	0	1	20	2
8415	1	587	0	2	21	2.2
565	2	5516	0	1	26	2.8
18	1	8293	1	2	22	2
7244	2	3914	0	0	17	2.7
7301	1	6237	0	2	9	2
1392	2	7663	1	1	11	1.4
2315	2	5230	0	1	15	0.9
1345	2	3879	1	1	13	1.6
5611	2	5815	0	0	8	1.25
5608	2	1206	0	5	3	3.1
3780	2	5436	1	5	8	1.5
2855	1	64	1	2	11	1.6
6076	1	6300	0	3	20	2.9
14	1	8116	1	1	26	2.1
6257	1	795	0	2	5	2
2207	2	7780	0	0	17	2.4
2002	2	1607	0	2	23	2.3
2541	2	4101	0	4	27	2.65
7456	2	183	0	1	11	2.3
6587	1	1074	0	1	16	2.6
6756	1	1207	0	1	29	2.2
7906	1	2034	0	2	13	2.2
1945	2	3926	0	2	16	2.4
8821	1	7681	0	1	13	2.6
8535	2	1085	1	2	11	2
8036	2	4302	0	1	29	2
3565	1	7159	0	3	22	2.7
1039	1	7760	1	2	13	1.4
7422	1	1340	0	3	12	2.4
4766	2	7027	0	1	13	2
3362	2	8835	0	1	29	2.7
502	1	4552	0	0	8	0.6
7411	1	8944	0	3	17	2.5
150	2	335	1	2	12	1.7
5368	1	1654	0	0	17	2
3315	1	3015	0	2	18	2.4
7728	2	6276	0	3	13	2.3
4416	2	1814	0	2	22	2.7
5810	2	5193	0	1	29	2.4
8173	2	3364	0	1	16	3.4
2116	2	2729	0	1	5	2.9
3704	2	8293	1	2	7	2.25
4292	1	4781	0	2	18	1.9
6295	2	2545	0	3	5	2.5
3885	2	5631	0	3	15	1.55
8425	2	331	0	3	22	2.4
4879	2	1375	0	0	6	2.6
201	2	351	0	2	12	2.8
4531	1	5340	1	3	15	1.65
4354	1	2317	1	0	12	1.8
5583	1	7663	0	2	26	2
2230	2	6161	0	2	3	2.2
5616	2	3733	0	1	8	2.3
6955	1	6208	1	1	27	1.65
7243	1	5239	0	1	21	2.2
7141	2	4822	0	2	18	2
8608	2	4538	1	3	27	1.75
717	1	7638	1	1	2	0.6
4156	2	552	0	2	25	2.8
4495	2	173	0	0	9	1
6332	1	2077	0	2	13	2.25
3211	2	3857	0	2	4	1.1
4135	2	7840	0	1	5	2.4
4110	1	5033	0	2	15	2.15
607	1	7638	1	2	16	1.4
73	1	3687	0	3	22	2.2
4792	2	1568	1	2	22	1.5
6229	2	5371	1	1	15	1.8
4853	1	2966	1	1	7	2
245	1	5169	0	3	4	1.55
3481	2	6850	0	3	20	3.5
3635	2	173	0	3	27	2.35
1569	1	8712	0	5	11	3.2
8548	2	5631	0	2	27	2.6
7765	2	8865	1	0	17	1.7
910	1	692	0	1	23	2.5
2429	2	8376	0	5	4	2.7
6667	1	5751	0	1	8	1.7
762	1	8289	1	2	23	2
3990	2	7221	0	2	2	2.1
1014	2	1916	0	0	25	1.6
8907	1	64	1	2	16	1.9
8970	1	2062	0	2	22	2.5
4233	2	5744	0	0	17	2.9
2797	1	8567	0	1	29	1.8
4460	1	3027	1	1	29	1.6
2945	1	3054	0	2	26	3
5358	2	916	0	4	22	3.8
1531	1	8164	0	3	14	1.8
6572	1	2899	1	2	4	1.6
8605	1	2966	1	1	7	1.9
1952	2	8866	1	2	20	2.3
7603	2	8504	1	0	8	1.25
5427	2	4822	1	3	6	2.6
4535	2	7840	0	4	23	3.4
590	1	7840	0	2	18	1.6
1223	2	4034	0	4	27	2.5
6480	2	2611	0	0	26	2.5
3650	1	125	0	5	13	2.9
8561	2	6477	0	1	26	2.4
4013	2	3776	0	0	26	2.4
442	1	2515	0	2	2	2
715	1	7541	0	1	29	3.1
4335	1	5008	0	0	25	1.1
6447	2	3015	0	1	16	3.2
7932	2	8063	0	4	12	1.7
7181	2	6892	0	3	15	2.2
1105	1	240	0	2	18	2.7
403	1	8978	1	2	27	1.65
2144	2	2697	0	4	14	1.8
4105	1	6850	0	1	21	2
7033	1	7776	0	0	29	1.8
5997	1	5773	0	2	18	1.7
6315	1	3747	0	3	9	3
3694	1	3476	1	3	27	1.35
190	2	6208	1	1	9	1.7
7715	2	7908	0	2	23	3.2
39	2	6	0	1	12	2.25
8600	1	1900	0	3	5	2.5
4606	1	3846	0	0	17	1
976	1	4822	0	2	25	2.4
2412	1	968	0	3	27	1.95
5448	2	5550	0	2	22	2.1
7738	2	3112	0	0	29	2.6
3942	2	4256	1	2	26	2.1
2473	1	2008	0	0	7	1.1
7202	1	8321	0	1	18	2.8
5168	1	4153	0	2	7	3.15
7557	1	2467	1	2	13	1.7
7839	1	7780	0	1	5	2.1
5763	2	3843	0	3	27	2.65
5603	2	1783	1	1	2	2.1
8818	1	4783	0	1	8	0.95
8183	1	7908	0	3	6	2.3
4390	2	4935	0	2	7	2.9
2070	1	2926	0	3	5	2
3860	1	64	1	2	18	1.3
8589	1	1037	0	3	13	3.2
2359	2	4473	0	2	18	2.1
6033	1	7201	1	1	5	1.4
8965	2	6300	0	4	3	2.4
6555	1	1793	0	4	14	2.2
6764	1	5479	0	2	18	2
7390	2	546	0	4	15	1.75
4555	1	3603	0	0	20	2.7
4400	1	2966	0	1	18	1.6
2110	2	7519	0	1	13	1.8
1312	2	5318	0	1	16	2.9
104	1	7510	0	3	22	1.9
5123	2	6849	1	2	11	2.2
7336	1	6110	1	2	11	1.7
3487	1	1472	0	2	11	2.1
1178	1	5108	1	2	26	1.6
6519	1	7333	0	3	27	3
8678	1	3270	0	2	22	3.6
1931	1	7950	0	0	17	2.2
7957	1	229	0	1	13	2
5413	2	183	1	1	7	1.2
4488	1	6792	1	3	6	2.4
668	1	1529	0	0	20	2.9
7230	1	1714	0	2	20	2.5
8288	2	5057	0	3	4	2.6
4435	2	183	0	1	26	2.9
1013	1	6937	0	1	7	1.9
7837	1	5831	0	1	11	3.2
1198	1	8836	0	2	21	2.4
478	2	27	0	2	22	2.5
3015	1	2857	0	1	6	2.9
2074	2	8738	0	1	9	1.2
5980	1	8202	0	2	27	2.4
3518	2	1257	1	2	16	1.3
7041	2	3846	0	1	20	2.3
3787	1	3027	1	1	29	1.4
6813	2	5881	0	2	4	2.55
1038	2	7684	0	2	18	1.9
1511	2	4672	0	1	8	0.9
7766	1	7577	0	2	16	1.9
5822	1	7991	0	1	21	1.9
2696	2	6843	0	1	15	3
8960	2	2899	0	2	8	2.8
4007	2	6299	1	2	27	1.5
1926	2	6792	0	2	25	2.1
6284	2	6937	0	0	27	1.65
7205	1	692	1	0	16	2.6
772	1	6788	0	2	26	2.4
4341	2	3457	0	3	20	1.3
8211	2	3111	0	3	9	2.3
7021	1	6158	0	2	11	2.3
1023	1	52	1	1	12	1.55
4809	1	1540	0	0	17	2.3
164	2	6102	0	1	21	1.3
6526	1	9023	0	2	14	2.5
6912	2	8734	0	2	22	1.7
1777	1	450	0	1	27	2.05
1624	2	6768	1	0	9	1.55
3660	2	3476	0	0	24	1
8138	2	7506	1	2	16	2
3879	1	745	0	2	4	2.25
8438	2	6765	0	1	11	2.3
2027	2	6764	0	5	14	1.9
2008	1	3926	0	1	11	2
3356	1	762	0	2	22	2.5
3736	1	516	1	1	15	2.15
6361	1	7583	0	2	17	2.4
6652	2	4485	1	1	12	1.8
2978	2	4482	1	3	22	1.8
1074	1	1274	0	2	5	2.9
1378	1	6110	0	1	2	1.4
7132	1	518	0	0	15	1
952	2	6006	0	0	12	1.5
6451	2	715	0	2	3	2.7
4630	1	2780	1	2	22	1.5
5667	2	1833	0	1	13	2.8
4142	2	4049	0	0	17	1.6
2997	1	3137	0	2	2	1.6
4934	1	5751	0	5	26	3.2
3975	2	5422	0	0	25	1.1
7345	2	1809	0	3	27	2.15
5851	2	2134	0	2	6	1.5
8989	2	260	0	4	26	1.5
3883	1	8598	0	2	6	1.7
2357	2	2196	0	2	12	3
5212	1	4179	0	0	11	2
4363	2	1860	0	2	12	2.5
1180	2	8533	0	2	15	2.5
6873	2	3801	0	2	23	1.6
8690	2	8145	0	2	8	2.45
7048	1	6215	1	1	22	1.5
2463	1	8541	0	1	2	2.2
8278	1	3879	1	1	27	1.55
632	1	5371	1	1	15	1.45
1606	1	1805	0	2	5	1.4
8527	2	6299	1	2	13	2.5
7131	2	6555	1	1	26	1.5
5078	1	2975	0	2	9	1.75
2989	2	2286	0	3	27	1.65
1295	2	7638	1	1	2	0.8
3675	2	1375	0	3	3	3.5
1714	1	5262	0	1	21	2.4
1601	2	442	0	2	11	2.5
13	2	6161	0	2	23	2.8
5408	1	476	0	0	5	0.8
6908	1	2682	0	1	29	2.3
3320	2	2279	0	1	8	1.2
1468	2	5479	0	5	11	2.1
3281	1	8063	0	1	13	1.7
6665	2	3432	1	3	2	1.4
4102	1	7380	0	2	23	1
4202	1	8477	0	5	9	2.5
2281	1	1164	0	2	8	2.7
5846	2	8729	0	1	5	1.1
8111	1	5879	0	4	23	3
9040	1	4473	0	2	5	2.5
1893	1	6776	0	0	17	1.8
1220	2	3948	0	2	6	2.3
6435	1	8729	0	4	23	2.7
223	1	535	0	2	26	2.6
5018	1	5006	1	3	23	1.7
881	2	8376	0	3	22	2.1
5981	1	7642	1	0	26	1.8
1754	2	745	1	2	14	1.5
6158	1	8971	0	2	25	2.2
6797	2	8145	0	2	9	2.45
4568	1	3785	0	1	27	2.45
3171	2	6621	0	2	6	3.1
3488	2	3376	1	4	16	2.3
1915	1	4256	0	1	2	1.1
4327	2	6106	0	5	27	3.15
3259	1	6776	0	1	21	1.4
505	2	331	0	3	14	3
4081	2	7710	1	3	23	1.7
7431	1	2729	1	2	18	1.6
8800	1	3137	0	1	11	2.9
3889	2	503	0	2	16	2.8
4812	2	3655	0	2	13	2.4
5191	2	8108	1	1	3	1.9
8609	2	5318	0	3	22	2.8
5037	2	4854	0	4	26	3.3
4782	2	7287	1	4	9	1.25
728	2	6846	0	1	13	3
7488	1	3916	0	2	13	2.7
4398	2	1037	1	1	12	2.15
6303	2	8376	1	2	12	1.65
6163	2	3065	0	2	20	2.5
5343	1	7840	1	2	22	2.2
6663	1	3227	0	1	8	1.9
9017	1	6271	0	1	20	2.7
3163	1	2476	0	2	22	1.9
8553	1	8729	0	2	18	1.5
9019	1	4230	0	0	17	2.6
5367	2	465	0	5	22	2.7
8249	1	8364	0	2	2	1.5
3865	1	7333	0	5	15	3.15
6911	2	4822	0	1	20	2.9
6821	1	7779	1	2	22	1.4
6806	2	6257	0	2	2	1.7
5512	2	8249	0	2	4	2.3
2637	1	6276	0	3	27	2.15
4445	2	3356	1	2	26	2.2
3051	1	7636	0	1	23	1
1753	2	240	0	3	23	3.7
8086	2	8848	0	2	25	2.2
1050	2	17	1	0	17	2.1
250	2	692	0	2	3	2.5
929	1	162	0	1	11	2.3
8657	1	515	0	2	18	2.5
6636	2	6257	0	2	11	2.2
7380	1	6621	0	2	5	2.9
7278	1	1805	0	2	2	2.4
5658	2	2548	0	3	15	2.45
2460	1	2682	1	2	23	2.1
2645	2	3747	0	3	12	3.2
2960	1	1321	0	1	18	1.1
2474	1	1107	0	1	29	2.1
1547	2	2355	0	2	12	2
1245	2	7068	0	2	23	3.2
4286	1	3592	0	2	27	2.6
5388	1	7519	0	2	12	1.85
3912	2	3832	0	2	6	3.2
4626	1	9049	0	2	6	1.8
8959	2	3994	1	4	14	1.7
6501	2	1783	0	4	18	3.4
6670	1	4413	0	2	7	2.2
8555	2	8427	0	3	3	2.1
4316	1	1334	0	1	21	2.7
2972	1	516	0	2	26	2
5228	2	8289	0	2	6	2.4
6815	2	6110	0	2	22	2.6
1743	1	3971	1	2	27	1.85
8507	1	5920	1	3	12	1.45
8029	1	8738	0	2	26	2.6
3102	2	3592	0	4	8	1.65
7351	2	5920	1	3	12	2
3458	2	2729	0	2	23	3.4
8629	2	1622	1	2	20	2.1
4932	1	4246	0	3	8	1.65
5211	1	7813	0	2	13	2.2
5235	1	7638	1	0	11	1
4373	1	8605	0	2	27	2.7
8149	2	6692	1	4	27	1.15
3959	2	1015	1	2	14	1.6
2873	2	5075	0	0	16	0.8
6470	1	1829	0	4	12	1.75
2043	2	5956	0	2	14	2.1
7638	1	1916	0	3	23	3.3
5909	2	7140	0	2	22	1.6
3295	1	1241	0	2	9	1.4
1399	2	6215	1	1	22	1.6
4404	2	5881	1	2	26	2.1
6019	1	1164	0	1	7	2.6
7842	1	6400	0	1	29	3.3
8723	1	3594	0	1	13	1.9
5874	1	2240	1	1	29	1.4
2339	2	6001	1	4	26	1.9
8370	1	1916	0	1	29	2.6
7986	1	8946	0	3	15	1.75
5400	2	6299	0	2	15	2.55
4129	2	762	1	2	16	1.5
8321	1	5642	0	2	21	2.1
1309	2	3214	0	0	17	1.5
5758	2	7663	0	4	7	2.7
7026	1	7615	1	2	8	1.5
5635	1	6843	0	1	8	1.8
1168	2	7499	0	2	22	2.4
1115	1	3986	0	2	18	2.2
7250	1	7519	0	2	8	1.9
5596	1	8200	1	1	6	1.6
4411	1	37	1	1	6	1.8
2415	2	5057	0	4	14	1.5
6039	2	8734	0	0	25	1.1
7611	2	5422	0	1	20	2.1
293	1	2196	0	1	8	2.35
1018	2	6994	0	2	13	2.4
3956	2	3832	1	2	23	2.2
4937	2	745	1	2	26	2
6379	2	1207	0	1	21	1.4
3195	2	125	0	2	9	2.5
8849	2	2697	1	2	22	2.2
4391	1	4347	0	2	2	1.9
1440	1	2537	0	1	29	2.9
3748	2	7355	1	1	18	1.5
314	2	8037	0	0	4	1.3
4713	1	5959	1	2	22	1.7
233	2	6132	0	2	11	2
7643	1	8970	1	2	4	0.85
4151	2	4000	1	1	20	2.2
1787	1	5325	0	1	5	1
3111	1	4085	0	2	7	1.8
4420	2	465	0	0	5	1
8307	2	3568	0	0	21	1.3
8256	2	8848	1	2	6	1.9
3633	1	4482	1	3	16	1.6
2742	1	7892	0	3	5	2.2
8091	1	3054	1	2	27	1.1
7464	1	4783	0	1	13	2.3
7085	1	5960	0	3	15	2.8
3671	1	515	0	1	11	2.3
2092	2	6215	1	2	2	1.6
3769	1	8234	0	2	16	2.3
2749	1	6526	0	5	4	1.55
285	2	8249	1	1	7	2.4
7214	2	7908	0	4	5	2.5
146	1	515	0	2	2	2.5
4693	2	6161	0	1	22	2.5
6521	1	3558	1	1	27	1.5
1424	2	7710	0	2	5	1.9
7156	1	5505	0	2	11	2.2
2305	1	3776	0	1	4	1.35
6693	2	2780	1	2	22	1.5
692	1	552	0	1	29	2.3
5200	2	8249	0	2	22	2.6
795	1	7613	0	1	29	2.5
4485	1	1037	0	3	7	2.1
8525	1	1235	0	1	29	1.8
6743	1	5956	0	3	22	1.8
5499	1	3356	1	2	26	1.5
5685	1	5580	0	3	12	2.4
4276	1	4000	1	2	25	2.3
5916	2	8865	1	0	17	2.3
325	1	4192	0	2	22	2.6
28	1	4514	1	4	4	1.4
6124	2	1604	0	0	29	1.6
6610	2	2857	0	0	21	1.9
1916	1	8866	0	2	21	2.2
3938	2	4822	0	2	29	3.3
8299	1	183	1	2	7	1.9
6856	1	2196	0	5	7	1
6793	1	6994	1	2	9	1.45
8615	2	1993	0	2	22	2
5481	2	1510	0	1	29	2.7
2892	1	3857	1	1	9	0.9
2058	2	7912	0	4	27	3.2
7433	2	7908	0	3	18	3.1
1871	2	8560	0	1	12	2.35
111	1	9023	0	4	23	1.5
7975	1	3376	0	2	18	2.8
5298	1	6232	0	4	14	2
5188	1	3539	0	2	12	2.4
7832	2	162	0	1	16	1
3857	1	8341	0	2	7	2
296	2	4770	0	2	14	2
335	1	2515	0	2	11	2.5
555	1	5881	0	2	16	3.1
110	1	3432	0	0	5	1.4
8909	1	1794	0	4	12	1.25
4384	1	1375	0	3	25	2.7
4886	1	5859	0	3	15	1.95
4432	2	2700	0	4	11	2.8
6516	1	8600	0	2	2	2.8
6604	2	5928	0	1	26	3.1
4510	2	535	0	3	14	2.7
4229	1	5556	0	2	12	2.8
8054	2	7636	0	3	14	2.1
3572	1	2980	0	1	11	2.4
7990	1	7898	0	1	27	2.15
360	1	6400	0	0	21	1.8
8168	2	8234	0	3	2	1.5
7964	2	8030	0	2	15	1.7
2321	1	1529	0	0	21	1.6
7708	2	8361	0	1	13	2.3
6129	2	4192	0	1	2	1.7
5655	2	3733	0	4	13	2.8
2376	2	6850	0	2	25	2.5
4690	2	7642	1	3	4	1.9
3898	2	2008	0	2	12	3
5057	1	7751	0	2	2	2.4
1864	2	7434	0	1	5	1.6
2561	1	4306	1	2	16	1.5
557	1	5436	1	2	13	1.5
5128	2	7448	1	1	11	1.7
8345	1	1164	0	2	4	2.75
1096	2	8079	1	0	8	1.45
4528	1	3916	0	4	26	1.8
251	1	2899	0	4	12	3.4
4887	1	3137	0	2	16	3.2
5698	1	1696	0	2	27	2.35
5693	1	6215	1	2	2	1.3
2029	1	4124	0	1	12	0.9
476	1	3376	0	1	3	1.8
67	2	2729	0	3	22	2.2
4800	2	37	1	2	18	1.5
6611	1	869	0	0	27	0.5
8417	2	695	0	1	25	1.6
5697	2	2982	0	0	29	2.4
8079	1	1532	0	3	14	1.7
7338	2	1814	0	1	14	2.2
8072	2	795	0	3	6	2.3
3444	2	5110	0	5	27	1.55
2539	2	774	0	5	27	2.5
2815	2	4827	1	1	26	1.4
5148	2	4514	1	4	4	1.3
3215	2	6850	0	1	3	3.2
604	1	8364	0	1	6	1.6
8200	1	6271	1	2	25	1.3
5591	2	37	1	2	18	1.6
6733	2	140	0	3	14	2.4
793	2	218	0	2	4	1.1
5546	2	4827	1	1	26	1.5
6741	1	6621	0	3	21	1.5
3747	1	809	0	3	7	2.6
5095	2	5331	0	2	9	2.15
5920	1	4783	0	2	4	1.8
5451	2	2798	0	1	22	1
4300	2	4167	0	1	8	2.3
809	1	8376	0	3	16	2.2
9053	1	5108	0	2	12	2.4
5307	2	7488	0	3	27	1.7
1325	1	7710	0	2	18	1.9
4663	1	5516	0	0	7	1.1
7934	2	5895	0	1	13	1.55
3686	2	1576	0	2	5	1.5
6973	1	7898	0	4	13	2.5
3096	1	6692	1	4	27	1.4
8215	1	8261	0	2	12	2.8
5641	2	4153	0	3	16	3.2
3050	1	6840	0	2	6	1.4
5040	1	7541	0	4	6	3.3
2952	2	5550	1	4	7	1.5
7910	2	3038	0	1	13	2.5
6170	2	2253	1	1	11	1.8
3369	1	772	0	2	13	2
1117	1	6849	0	2	22	3
6846	1	916	0	5	14	3
4175	2	6768	0	4	4	2.2
6563	2	2654	0	0	20	2.6
8062	2	1805	0	4	23	3.7
3269	2	442	0	1	8	2.35
5732	1	64	0	2	6	1.6
8719	1	4836	0	3	6	3.2
2439	2	1568	0	2	2	1.8
8927	1	8901	1	3	12	1.9
5330	2	7622	0	3	27	1.9
2842	2	4805	0	1	29	1.8
4082	1	8341	0	2	5	1.4
2958	2	3857	1	1	12	1.7
8739	2	3539	0	1	8	2.1
4060	2	3687	0	1	14	2.1
3902	1	9017	0	2	25	1.8
2482	2	8669	0	1	21	2.1
5043	2	8978	0	3	13	2.2
6109	1	6257	0	2	7	2.35
2351	2	7287	1	2	27	1.55
7213	2	2690	0	3	2	2.2
8843	1	503	0	2	5	1.6
4031	1	8108	1	2	23	2.3
3947	1	7421	0	0	29	2.9
8483	2	8971	0	2	20	2.9
4238	2	4153	0	4	14	2.6
1623	1	7201	0	2	21	1.5
8282	1	1647	0	0	14	1
5534	2	8321	0	2	20	2.2
6692	1	4935	0	1	8	2.15
7836	1	2780	1	3	18	1.6
6251	1	503	0	3	22	2.4
2710	2	561	0	2	22	1.1
8343	2	8082	0	2	16	2.4
5982	2	2286	0	2	15	1.7
7225	1	5631	0	1	4	0.65
7680	2	1689	0	5	9	2.95
563	2	2857	0	1	29	3
3926	1	8835	0	2	25	2.6
8336	1	1353	1	1	29	1.2
7681	1	7842	0	1	22	2.6
4742	1	3914	0	0	21	2
1959	2	104	0	1	14	1.1
6472	2	2330	0	3	27	1.3
298	1	7221	0	2	18	2.7
4876	2	3655	0	3	8	1.15
7238	1	7780	0	2	18	2
3558	1	5895	1	0	26	1.9
6038	2	4482	1	3	22	2
8357	2	4822	0	1	5	3.1
9054	1	5084	1	4	8	1.5
1426	1	1515	1	0	8	0.65
3222	2	7020	0	4	4	2.65
5035	2	6403	0	2	17	2.7
6128	2	6443	1	2	26	2
2707	1	516	1	1	15	2
844	1	6174	0	2	25	2.2
8439	1	3333	1	3	23	2.1
2778	1	7814	0	1	29	2.3
342	2	8037	1	3	13	2.1
5929	1	1456	0	3	15	3.15
5146	1	8361	0	2	27	2.25
4774	2	1074	0	2	14	1.5
3280	1	6464	0	1	20	2.1
4458	2	3472	0	0	6	1.6
2798	1	5959	0	2	2	2.4
7262	2	8316	1	1	12	1.95
1326	2	1568	0	2	11	1.7
7653	2	4167	0	3	4	2.45
7776	1	1264	0	1	20	2.4
5991	2	5505	0	3	22	1.5
1674	1	4167	0	2	11	1.9
7655	1	2180	0	2	13	1.5
5516	1	8913	0	5	14	1.7
1738	2	4715	0	0	17	2.5
4262	1	8108	1	2	23	2
8135	2	5981	0	2	13	3
1972	2	5503	0	3	8	2.15
1663	1	8600	1	2	16	2.2
7751	1	6365	0	5	3	1.7
2102	1	7261	0	1	6	1.8
2307	1	7355	1	1	18	1.1
4906	1	8712	0	3	23	2.8
3545	1	2814	0	1	20	2.2
969	1	3356	1	1	12	1.6
6833	1	7956	1	1	2	1.1
5878	1	1568	0	2	6	1.8
5737	2	6375	0	1	29	1.9
5004	2	5585	0	1	29	2.1
4260	1	2467	1	2	8	1.75
8621	2	4672	0	2	15	2.35
1539	1	1037	1	1	9	2.1
2730	1	6252	0	4	14	2.1
8872	1	2857	1	0	17	1.9
3837	1	5220	0	3	4	2.7
5536	2	5561	0	2	20	1.8
7619	2	516	0	2	8	1.8
6107	2	7020	0	2	7	2.45
5301	1	5928	0	2	14	2.3
3967	2	7642	1	1	13	2
2269	1	6464	0	1	29	2.4
6454	1	4000	1	2	6	2.2
4818	1	6299	0	2	12	2.8
4079	2	3173	0	2	2	1.2
9038	2	801	0	1	7	2
6799	2	6503	1	5	9	1.675
4182	1	1725	0	2	15	3.15
2817	2	5103	0	1	20	3.2
669	2	1274	0	2	2	2.7
5053	2	8901	0	1	13	2.6
4991	1	6846	0	2	27	2.45
3149	1	2077	0	2	9	2.2
5714	2	1971	0	1	4	1.1
6708	1	1136	0	0	5	1
1507	1	3785	0	3	12	2.5
3587	1	6208	1	1	27	1.85
6599	2	7956	0	2	22	3
3778	2	6689	0	2	2	1.9
3313	1	5262	1	2	20	1.8
1317	1	7034	0	2	22	2
6148	2	1571	0	2	2	2.5
448	1	2611	0	1	12	1.8
3506	1	2665	0	2	5	2.7
6025	2	1900	1	0	20	2.2
15	2	4600	0	3	9	2.55
6214	1	5675	0	1	6	2.4
2134	1	6831	0	1	3	2.8
3459	2	1274	0	3	11	3
8314	2	5580	0	3	15	1.45
6426	2	6516	1	3	12	1.75
5324	1	4085	0	2	22	2.4
3384	2	3994	1	1	7	1.5
4966	2	3356	0	5	7	3
5442	1	3719	0	2	15	2.25
8229	2	1398	0	0	4	0.4
3554	1	745	0	1	18	1
4931	2	4485	0	5	4	1.85
5956	1	1568	0	2	18	1.9
5290	2	1074	1	3	22	1.9
3931	1	104	0	2	27	1.85
3824	2	8526	0	2	27	2.65
4861	1	3986	1	2	6	1.4
6171	2	3015	0	2	2	1.4
8763	1	2611	0	1	24	1.25
4877	2	2217	0	3	22	1.3
7190	2	8079	1	1	13	1.65
7389	2	450	0	3	13	1.8
1001	2	6015	0	3	7	3.25
6113	2	2476	0	1	6	2.2
709	1	3558	0	1	13	1.35
1758	1	2317	1	2	27	1.95
3216	1	1456	0	1	13	2.5
4582	2	772	0	1	12	1.35
593	2	1705	0	1	15	2.65
2846	2	6765	0	2	7	2.1
169	2	8364	1	3	11	1.5
5885	2	6717	0	2	22	2
819	2	2113	0	3	14	2.5
2497	1	6778	0	2	5	1.8
6041	1	3986	1	2	11	1.7
484	2	4626	0	2	23	1.8
541	2	8835	1	0	5	1.2
8794	1	8877	0	2	14	2.4
4889	2	3698	0	1	24	1.4
7519	1	6159	0	5	11	2.8
2089	2	7956	1	2	16	2.6
1471	1	6689	0	1	23	2.4
4660	1	3843	0	1	13	2
1581	2	4506	0	0	17	2.1
782	1	7020	1	2	26	1.9
2511	2	104	0	1	4	1.95
5486	1	6215	1	2	18	1.5
2705	2	1515	1	0	4	0.65
6859	2	4251	0	1	15	2.95
7194	1	3754	0	1	13	2.4
3771	1	582	0	5	22	3
5671	1	6257	0	0	14	1.2
682	1	2545	0	1	29	2.6
8140	1	5529	0	0	11	1
8823	2	8973	0	2	15	1.95
3251	2	6441	0	1	27	2.45
3270	1	6946	0	2	23	2.4
5494	1	8209	0	0	17	2.3
4552	1	6516	1	1	7	2.1
2077	1	335	0	3	4	2.15
1412	1	1257	0	2	18	2.3
5900	1	7908	0	2	22	2.2
4692	2	2682	1	2	23	2.4
243	2	2186	1	2	27	1.3
3196	1	552	1	2	5	1.8
4191	1	2665	1	4	23	2.5
4444	2	6526	0	1	12	2.7
7453	2	2467	0	3	14	2
8813	1	8712	0	3	18	2.6
7731	1	5920	0	2	13	2
3994	1	8364	0	2	23	2.9
4338	2	1647	0	1	8	2.15
3789	2	2548	0	2	13	2.1
1228	2	240	0	1	29	2.8
8092	2	4251	0	0	13	1.45
7952	2	4822	0	1	21	1.8
8416	1	8341	0	2	2	1.9
6646	1	3356	1	4	13	1.35
6188	2	2052	0	1	18	0.8
4735	1	3754	0	5	4	2.3
6217	2	7519	0	2	7	2.1
9015	1	1286	0	5	16	1.6
4892	1	745	1	2	7	1.7
2430	1	8345	1	1	9	1.9
3465	2	8249	1	1	7	2.5
7930	2	8848	0	0	21	1.6
4117	2	745	1	2	14	1.7
6448	1	2982	0	2	18	1.6
5506	2	6	0	5	15	2.8
7791	2	17	1	0	21	1
2922	1	7510	0	1	7	3
3986	1	8848	0	1	29	2.9
1411	1	1456	0	2	8	1.8
2650	1	8137	0	0	29	2.3
5312	1	5815	0	1	9	1.4
4050	1	1107	0	2	5	2.8
5181	1	1969	1	2	9	1.45
736	2	4871	1	3	6	2.6
741	2	7499	0	2	18	2.8
7725	2	8877	0	3	22	2.9
8773	1	8341	0	2	18	1.8
6091	1	5900	0	4	7	2.5
564	2	1916	1	2	6	2.2
6509	1	1833	0	2	8	1.3
8689	2	6706	0	3	23	2.7
3089	1	5879	0	2	6	2.8
7337	1	6414	1	4	15	1.85
2395	2	8810	0	2	5	1.6
3340	2	1568	0	3	16	2.9
4973	1	2134	0	2	16	2.3
7840	1	2857	0	2	25	2.6
2961	2	140	0	1	2	2.1
7835	2	2623	0	5	9	3.1
3326	1	3843	0	2	8	1.55
8332	1	8479	0	2	3	1.9
2553	1	5331	0	2	27	2
8164	1	2250	0	2	16	3
825	2	8877	0	1	11	2.4
758	2	5631	0	3	12	2
1466	1	8182	0	3	17	2.8
8759	1	7931	0	2	18	2.1
8098	2	7499	0	1	2	2.9
6274	2	7615	1	0	4	0.9
44	1	4328	0	2	23	2.6
8877	1	2926	0	2	18	2.7
2186	1	3111	0	3	8	2.6
2547	2	2899	0	3	11	2.4
4685	1	6232	0	2	5	1.2
3448	2	7929	0	1	11	2
5117	2	3270	1	2	7	1.9
5590	1	3766	0	1	29	1.6
1021	2	3644	0	0	21	1.5
5121	1	7327	0	5	27	2.95
2823	1	5556	0	2	8	2.5
3208	1	2265	0	3	15	2.4
6040	2	5879	0	2	22	3
3474	1	3594	0	2	9	2.3
4414	2	7201	0	2	18	2.5
8876	1	1257	0	4	23	2.2
708	1	8725	0	4	12	2.15
3378	2	8082	0	2	11	2.1
4749	1	1398	0	4	8	1.9
3815	2	3871	1	2	7	2.2
4034	1	5516	0	2	8	2.6
4279	1	2306	0	1	11	2
805	1	2697	1	2	22	1.6
7112	2	8634	0	0	17	2
1950	2	8970	0	2	12	2.85
8293	1	2665	0	1	3	3.2
3509	1	8274	1	2	11	1.5
5092	2	6557	1	0	5	1.6
3991	2	2457	1	2	20	1.7
8359	1	987	0	2	20	1.6
3537	1	3356	1	0	8	1.55
6656	2	6132	0	3	8	2.15
4256	1	6765	0	2	5	1.5
7778	1	1576	1	3	18	1.7
535	1	8841	0	1	2	1.2
2520	2	6994	1	2	9	1.45
5383	2	2240	0	2	25	1.9
8327	1	3356	1	4	13	1.6
6026	1	8848	1	1	3	1.6
995	1	7684	0	4	23	2.2
971	1	442	0	1	12	2.8
5010	1	27	0	2	18	1.8
4199	2	5818	0	1	11	2.4
1762	1	1543	0	5	12	1.7
5657	2	64	1	2	22	1.6
4631	2	7451	0	2	11	2.6
5696	2	3832	0	1	29	1.5
7956	1	240	0	2	3	3
7506	1	6792	1	3	6	2.1
5669	2	7584	0	3	2	1.8
2403	2	3227	0	1	27	2.05
2150	1	7956	1	2	11	1.6
1603	1	3971	0	2	13	2.2
4955	1	3082	0	2	26	2
2107	2	5314	0	2	2	1.7
1251	2	4347	0	1	22	2.5
3533	2	1622	1	1	3	2.1
3075	2	3514	0	2	5	2.5
3164	1	1411	0	1	27	2
8037	1	535	0	4	7	3.2
8078	1	6161	1	2	11	1.5
2680	1	7842	0	2	18	2.4
1369	2	8678	0	2	4	2.45
3470	1	8836	0	2	29	3.4
869	1	5359	0	3	9	1.6
8116	1	7663	0	2	16	2.1
7891	1	7301	0	1	27	0.6
4538	1	2279	0	1	26	1.5
2583	2	5262	0	0	17	2.1
7311	1	1515	1	0	4	0.6
610	1	1571	0	1	5	1.5
5164	1	6027	1	3	23	2.2
3613	2	3659	0	2	22	2.4
1419	2	3986	0	1	25	1.5
6341	2	8560	0	2	26	3
4856	2	7448	1	2	22	1.9
3976	2	9023	0	1	11	1.8
6997	1	2069	0	3	8	2.35
3405	1	503	0	2	11	2.3
7584	1	6174	0	2	6	2.6
2464	1	2635	0	1	15	2.8
2839	1	2629	0	2	18	2.1
4047	1	4820	1	1	20	2.3
6845	2	4426	0	2	26	2.8
4920	1	2823	0	1	9	1.95
3579	2	2656	0	5	7	2.9
3428	1	6849	0	2	23	1.7
6959	1	4000	1	1	5	1.5
6187	2	8605	0	1	13	2.7
3557	2	2780	1	3	5	2.1
2201	2	2069	0	4	13	2.7
216	1	183	0	3	22	1.7
415	2	7424	0	2	2	2.2
8287	1	2097	0	0	21	0.9
1597	1	140	0	2	26	3
7135	2	4356	0	2	12	2
4476	1	8234	1	3	18	1.1
7185	1	7020	1	2	26	2
5012	2	2682	0	1	20	2.5
8539	2	8261	0	2	26	3
7669	1	6645	1	0	5	1
847	2	173	0	2	15	2.95
3758	2	4820	1	0	25	1
1911	1	821	0	2	20	3.4
8234	1	2913	1	1	3	1.8
7600	1	6299	1	2	13	1.3
6801	2	4600	0	3	27	3
6086	2	1647	0	1	26	2.3
8551	2	2633	0	1	29	1.5
4573	1	2317	1	2	27	1.575
4236	2	2658	1	2	26	2.05
5493	2	6443	0	3	14	2.6
7221	1	7434	1	1	3	2.2
6273	2	1607	0	2	3	4
5318	1	6858	1	5	23	2.8
992	2	5312	0	1	15	0.75
4205	1	2899	0	3	13	3.3
2717	2	3832	1	2	22	1.4
320	1	7537	0	5	14	1.8
7972	2	3539	0	3	7	2.9
672	2	7929	0	3	23	2.7
8252	1	4538	1	3	27	1.45
2119	2	1783	0	3	23	3
7460	1	3173	0	1	16	2.4
6978	2	7434	1	3	23	2.7
7564	1	3514	0	1	20	2.7
3060	2	7506	1	2	11	1.5
2370	1	8345	1	1	27	2.05
7497	2	2985	0	2	8	2.15
3312	2	2974	0	2	11	2.1
8740	1	8810	0	3	23	2.6
8679	2	4552	1	0	9	0.925
6325	1	2467	1	2	8	1.6
3739	2	8200	1	2	23	3.1
5801	1	1576	1	3	18	1.7
8120	2	1531	0	0	4	1.2
8333	2	8234	1	1	23	1.2
109	2	8669	0	1	6	3
1917	1	4822	1	3	6	2.1
4128	2	4854	0	1	12	2.5
4500	1	2467	0	2	22	1.5
3921	1	1622	1	2	25	1.2
5751	1	3432	1	3	2	1.4
3330	2	3948	0	1	20	2.2
7888	1	8678	0	2	12	2.95
3047	2	1015	0	2	7	3
2446	2	7506	0	2	22	1.7
3268	2	7636	0	2	18	1.6
4945	2	366	0	0	17	1.3
6750	2	3196	0	0	23	0.6
7920	2	3832	0	2	18	3
310	2	7202	0	1	16	2.8
2496	2	2515	0	2	18	1.6
4539	2	8901	0	4	22	1.8
3717	1	1983	0	3	14	1.7
8792	1	4000	1	1	20	2
2275	2	5296	0	2	14	2
6786	1	8407	0	4	9	3.15
3688	2	3983	0	2	25	2.1
2064	1	8678	0	1	13	2.4
2466	2	5103	0	0	29	0.8
6143	1	4252	0	2	12	2.1
6577	2	8835	1	0	5	1.3
8509	1	8281	0	2	15	2.5
5281	2	4256	0	2	22	1.8
4096	2	6158	0	2	16	3
5542	1	6788	0	3	12	3.2
4638	2	552	0	1	20	2.4
4315	1	7888	0	2	15	2.25
2966	1	3914	0	2	5	2
5515	1	2945	0	2	8	1.4
6094	2	5960	0	1	27	2.65
626	1	5959	0	1	5	1.3
5080	1	1692	1	1	29	1.9
6500	2	7068	0	3	5	2
7735	2	64	1	2	18	1.8
7978	2	516	0	0	27	0.9
3253	1	6526	0	2	26	2.5
8364	1	695	1	1	3	2.1
4863	2	7506	1	2	16	2.4
6223	2	6443	0	3	4	2.15
2688	2	6384	0	2	23	1.6
8979	1	8249	0	1	16	1.9
975	1	1142	1	1	3	2.3
3989	2	552	1	2	23	2.1
5556	1	7596	0	5	14	2.7
727	1	1867	0	4	7	1.6
6142	1	8289	1	2	23	1.6
4437	2	561	0	3	11	2.4
6879	1	8600	0	2	18	2
1779	2	5440	1	3	18	1.9
2125	1	1037	1	1	12	1.7
1794	1	3840	0	3	26	2.7
7510	1	416	0	2	2	2
8912	2	9017	1	2	6	2.5
8838	2	6689	1	1	16	1.2
8875	1	7931	0	2	22	2.5
4648	1	1416	0	2	29	1.8
4556	1	1221	0	2	11	2.6
3489	1	7541	0	1	20	3.5
5199	1	1074	1	3	22	1.9
3664	1	3834	1	2	22	1.9
5334	1	556	0	3	22	2.4
2947	1	7642	0	3	22	1.6
2894	2	587	0	2	17	2.9
4867	1	2980	1	1	7	1.6
6085	2	2432	1	4	11	1.9
8576	1	2658	1	2	26	2.3
1879	2	6346	0	0	7	0.8
472	2	5542	0	2	27	2.5
3922	1	1674	0	0	4	1.25
4664	1	8740	0	1	2	1.1
2897	1	6858	0	4	6	3.4
5219	2	4762	0	1	5	1.9
5371	1	1814	1	2	26	2
21	2	7636	1	2	22	2.3
6230	2	7684	0	2	2	2.3
2753	2	4871	0	2	25	1.4
1784	1	4252	1	1	9	1.5
7075	1	4742	0	1	20	2.5
1007	1	3874	0	2	14	2.2
3174	2	4000	1	2	25	2.2
8136	1	692	0	2	2	1.9
5601	2	8108	1	2	25	1.8
8034	2	2217	0	1	11	2.1
6865	2	1340	0	2	14	2.4
1643	1	7842	0	2	11	2.3
1101	2	7501	0	4	4	1.95
4584	1	3054	0	1	13	2.5
5830	2	3994	0	1	2	1.4
43	1	8182	0	1	20	3.2
6672	2	2265	0	1	27	1.025
1089	2	5949	0	2	12	3
1783	1	1375	0	0	20	2.6
4764	1	7584	0	2	23	1.8
2252	1	2975	0	4	8	1.6
6573	2	4153	0	2	23	3.2
6306	1	8533	0	2	13	2.2
7103	1	1969	0	3	8	1.65
8251	1	5576	0	0	17	1.2
4603	1	1073	0	2	12	3.5
4015	2	5981	0	2	15	3.4
570	2	1568	0	3	23	3
7775	1	5631	0	1	9	2
6008	2	6946	0	2	18	2.6
5285	2	5895	1	4	8	1.45
7673	2	3173	0	1	11	2.3
5479	1	3048	0	2	6	2.3
5406	2	5057	0	0	26	2.9
8274	1	556	1	2	23	2
6785	2	8316	0	3	4	2.7
8431	1	1257	0	2	22	2.2
3834	1	5193	0	3	5	2.9
6410	2	3871	1	2	7	1.9
7383	1	8504	1	4	12	1.85
7495	2	2682	0	1	6	2.2
7312	1	4252	1	1	9	1.4
548	2	4192	0	2	11	3
2963	1	6300	0	0	25	1.9
507	2	6645	0	5	11	2.1
2560	2	5503	0	1	4	1.05
6135	1	7642	1	0	26	1.8
1085	1	8200	1	3	5	2
3585	1	7287	0	0	8	1
3476	1	4256	0	2	7	2.6
3005	2	5818	1	2	7	1.55
6278	2	2780	1	4	6	2.2
9029	1	6306	0	3	15	2.45
1211	2	1593	0	0	17	1.1
154	2	3316	0	1	20	3.4
7539	1	4252	1	1	27	1.8
8222	1	4934	0	4	13	2.6
2330	1	6520	0	2	13	2.7
7042	2	2729	1	2	18	1.8
8146	2	1398	0	2	12	2.6
7580	2	1085	0	1	18	1.2
8745	1	64	1	2	16	1.8
3774	1	7642	0	2	8	2.15
4139	1	450	0	1	12	1.05
7816	1	7908	0	1	3	1.6
7290	1	6214	0	0	5	1
4046	2	5006	0	1	22	2
3916	1	331	0	3	4	2.1
2721	1	4820	1	1	29	1.9
6467	1	2004	0	0	8	1.1
6321	2	4153	0	2	22	3.2
2095	2	6214	0	1	23	2
2799	2	5006	1	1	18	1.1
7802	2	8746	0	2	14	1.2
1000	2	6858	0	0	17	1.6
7232	1	8376	0	2	11	2
5115	2	6858	1	1	5	1.4
7117	2	162	0	3	22	1.8
23	2	7424	0	1	16	2.2
2156	1	695	1	0	29	2
4370	1	2134	0	2	11	2.1
926	2	64	0	3	5	1.7
2974	1	7956	1	2	2	1.6
8147	1	335	1	4	15	1.8
7988	2	5895	1	2	12	2
7513	1	37	1	1	6	1.5
600	2	5879	0	2	3	2.3
6979	2	3926	0	1	3	1.5
1283	1	2974	0	3	14	2.7
26	2	6621	0	2	25	2.2
1379	1	3687	0	1	2	0.9
6551	2	2966	1	2	2	1.4
6059	1	64	1	2	2	1.4
4153	1	1783	0	2	3	3.2
987	1	3707	0	1	21	1.6
1616	2	5881	1	2	12	1.45
4688	2	2317	1	2	9	2.2
4526	2	1539	0	4	15	2
5827	2	5935	0	3	12	2.9
351	1	8341	0	3	22	2
3183	1	6443	0	2	7	3
6232	1	1260	0	1	6	2.4
1579	2	1916	1	2	16	2
625	2	8533	0	3	12	1.8
1973	2	5371	0	2	27	1.85
994	2	6653	0	2	7	2.5
1769	1	6299	0	0	4	0.75
6369	2	8901	1	0	26	1.7
2752	1	7434	0	2	18	2.9
455	2	6027	1	4	25	1.6
7658	2	3971	0	3	15	2.95
6906	2	2966	0	2	22	3.1
6961	2	7432	0	2	8	2.2
6260	2	7780	0	3	3	3
2634	2	52	0	2	4	2.1
6628	2	3832	0	3	25	1.2
125	1	3874	0	2	4	2.15
5897	2	4626	0	2	16	2.6
5357	1	6106	0	1	26	2.5
6703	2	4538	0	3	9	2.6
1072	2	3065	0	2	25	1.8
4257	1	4412	0	2	21	1.5
4675	2	2792	0	2	20	1.7
5957	2	2814	0	1	29	2.5
3561	2	8729	0	0	16	2.6
8580	2	587	0	1	29	3.1
4026	2	8341	0	3	11	2.8
1179	1	4783	0	1	14	1
6005	1	5499	1	5	9	1.5
6477	1	2452	0	1	11	1.9
6384	1	5440	0	2	5	3
275	2	5831	0	1	14	3
5393	2	8901	1	0	26	1.7
3818	2	3112	0	2	20	2.9
8349	2	335	1	4	15	1.35
188	2	416	0	2	22	2.3
2455	1	5516	0	2	13	2.25
574	2	6557	0	5	3	4.3
1534	2	2052	0	1	2	1.5
2811	2	6161	0	2	18	2.8
7424	1	8669	0	3	25	3
6639	1	8500	0	1	3	1
1090	1	6027	0	1	20	2.4
2544	2	5357	0	3	9	3.25
3797	1	8136	0	0	7	0.7
6507	1	7541	1	2	5	2.1
7881	2	3376	0	2	23	3.1
6625	1	4807	0	3	15	1.95
102	2	5227	0	1	20	2.5
301	2	8526	0	2	8	3
2851	1	3983	0	2	21	1.1
8476	2	3270	1	2	16	1.7
2841	1	4034	0	2	15	2.05
7515	1	14	0	2	15	2.9
8926	2	1015	0	1	22	1.4
1902	1	3916	0	2	15	2.8
5728	2	3082	0	2	8	2.4
1389	1	6768	1	5	13	1.7
5144	2	5881	0	2	18	1.4
8768	1	5119	0	0	5	0.9
3192	1	695	1	0	29	2.5
3482	1	240	0	0	21	1.5
4627	1	6557	1	0	5	1.5
5894	1	3333	1	3	6	1.6
6919	2	7499	0	1	3	3
4069	1	945	0	1	22	1.1
4666	2	3832	0	2	2	3
4618	2	3137	0	2	18	2.6
1675	1	3364	0	1	11	2.5
7087	2	339	1	2	23	1.8
7206	2	7751	0	1	22	2.3
3765	2	3983	0	2	5	2.5
8858	2	1321	0	0	16	2.2
7249	1	7760	0	1	26	2.4
6935	2	8293	0	2	14	2.6
8089	2	4704	0	1	12	2.7
879	2	5359	1	1	15	1.6
8354	1	7219	0	3	8	2
2084	2	4506	0	1	29	2.8
801	1	1274	0	2	18	3.1
8159	1	5959	1	1	11	1.3
8922	2	5635	0	3	27	2.45
27	1	2240	1	2	5	1.7
7105	1	64	1	4	23	1.6
7378	2	5181	0	2	15	1.9
6914	2	1783	0	2	5	2.9
7770	2	556	1	2	23	2.1
8540	2	6232	0	2	18	2.8
8455	1	8866	1	0	17	2.1
3129	1	2913	0	0	17	1.2
6938	1	1692	1	1	29	1.6
1100	2	6516	1	1	26	2.3
499	2	2969	0	2	4	1.15
3508	2	8848	1	2	6	1.5
1836	2	5950	0	1	29	2.1
3209	2	8504	0	2	13	2
9005	2	4871	0	2	18	2.7
6062	2	7448	0	1	18	1.9
7651	1	5881	1	3	12	1.6
1393	1	4412	0	1	29	1.7
1912	1	8202	0	2	8	1.75
516	1	6516	0	2	4	2.05
7364	1	6850	0	0	17	2.8
2536	2	8021	1	2	8	1.2
2349	1	5959	0	2	23	1.9
2040	2	2452	0	3	22	1.5
3728	2	2548	0	4	9	1.75
6201	2	7230	0	1	29	1.2
8206	2	5169	0	2	8	1.7
3672	2	4552	0	0	15	0.7
3468	2	8111	1	1	11	1.8
5770	2	556	1	3	18	2.2
8430	2	5440	1	3	18	2.1
3867	1	5287	0	2	2	1.8
6246	2	146	0	0	16	0.9
3046	2	1207	0	2	20	2.4
6689	1	8788	0	2	3	2.8
4575	1	1969	1	1	15	1.8
3754	1	3687	0	1	11	1.8
1199	1	2537	0	1	21	2.2
1417	2	1288	0	4	11	1.8
1310	2	6477	0	2	8	1.9
6441	1	8021	1	4	4	1.45
2498	1	7681	0	1	12	2.5
774	1	8021	1	5	8	1.7
2273	2	4489	0	2	9	2.3
1160	1	6299	1	2	27	1.55
3	1	339	0	3	18	2
2910	2	5314	0	2	7	2.4
7783	2	3707	0	1	29	2.6
8102	1	2330	0	2	15	1.9
3028	2	7448	0	0	23	0.8
2522	1	6158	0	2	5	1.8
1797	2	7219	1	1	27	1.4
5959	1	6027	1	3	6	2.2
2142	2	4192	0	1	23	0.8
8742	1	844	0	2	3	1.9
6088	1	2113	0	3	11	2.3
7003	1	4252	0	3	13	2.9
6459	2	6174	0	2	20	2.9
4349	1	2843	0	0	25	1.2
7124	2	1916	1	2	6	2.4
580	1	1142	0	0	25	1.2
4757	2	7710	0	1	20	2.1
8410	1	945	0	1	11	1.8
5434	1	2186	1	2	27	1.05
8145	1	52	0	3	7	2.4
7425	1	8316	0	0	16	1
2669	2	5895	0	2	7	2.7
3020	1	4827	1	4	8	1.4
854	2	7417	1	0	29	1.4
6589	1	987	0	1	29	1.5
571	1	8108	1	1	5	1.2
5437	2	8848	0	0	17	1.8
916	1	4871	1	3	5	1.7
8038	1	2604	0	0	27	0.65
1126	2	3065	0	1	21	1.2
493	1	4256	0	3	4	1.95
4092	1	7519	0	3	26	2.5
525	2	7043	0	1	3	2.7
2709	2	2780	1	4	6	3.1
1611	1	2548	0	2	12	2.6
665	1	7014	0	2	6	1.9
8268	1	772	1	2	9	1.4
1125	1	5108	0	2	14	1.9
1653	2	695	1	1	6	2.3
344	2	9049	0	1	5	1.1
8161	2	3986	0	2	3	2.4
6007	1	8678	0	1	8	2.45
8271	2	3364	0	2	2	2.4
4850	1	3364	0	2	18	2.2
4503	2	3637	0	2	27	1.9
2417	2	5340	0	3	9	1.6
4563	1	3879	0	2	12	2.1
8169	2	260	0	5	12	1.8
3014	2	5059	0	1	29	2.5
960	1	6557	1	2	6	2.7
6161	1	7201	0	2	25	2.3
2565	2	2272	0	4	15	2.3
8976	2	4854	0	3	4	2.8
4804	1	8082	0	1	2	1.1
5005	1	7861	0	5	15	2.9
2404	2	4482	1	3	16	2.3
244	1	1107	1	1	3	2.4
7478	1	2457	1	2	20	1.3
3687	1	503	0	2	23	2.1
5380	1	762	1	3	11	1.6
6022	2	1623	0	1	29	1.7
1350	1	5340	0	1	27	1.9
3147	2	8526	0	1	14	2.4
830	2	2188	0	2	15	1.85
1269	2	6110	0	1	14	2.5
3191	2	335	0	2	7	2
7261	1	2240	0	1	3	2.9
2355	1	6001	0	2	4	1.8
2704	1	3747	0	4	26	3
6700	1	7339	0	0	20	1.8
4986	2	3687	0	3	16	1.4
7000	2	5314	0	2	18	1.5
183	1	331	0	2	2	1.7
7036	1	7991	0	1	29	2.4
4296	1	3600	0	0	17	2.3
7529	2	6503	0	2	12	1.5
7732	2	8082	0	3	22	1.8
6742	2	5084	0	1	13	1.7
2745	2	3514	0	1	29	3
5741	1	6	0	1	13	2.4
3698	1	8970	0	2	7	1.95
6853	1	8274	0	2	7	1.9
8166	1	6015	0	3	22	2.3
3043	1	2604	0	3	15	2.15
1805	1	556	1	2	3	1.7
6839	2	8722	0	0	8	1.2
4022	2	3483	1	2	15	2.15
3139	2	7638	0	3	22	2.5
1809	1	6441	0	1	8	1.65
5267	2	5580	1	2	27	1.4
527	1	6237	0	3	8	1.55
8043	1	6102	0	2	25	2.3
4024	2	5959	1	2	22	1.9
1986	2	465	0	3	23	2.8
7245	2	2769	0	2	9	2.6
5065	2	5938	0	1	6	0.9
5151	1	5103	0	2	6	2.4
2080	2	8740	0	1	11	2.6
578	1	3659	0	2	3	1.7
316	2	8028	0	0	25	1.2
7538	1	5920	1	4	27	1.825
5818	1	5881	0	2	2	1.5
6820	2	3592	0	4	15	3.1
1057	1	5193	1	3	23	2.4
865	2	6476	1	2	24	1.1
1509	2	552	0	0	21	1.5
1146	2	7374	0	1	8	1.5
65	1	3785	1	5	9	1.4
2631	1	762	1	2	16	1.2
3454	1	3733	0	1	27	1.45
2713	2	1353	1	1	29	1.6
8024	2	1164	0	2	16	1.8
6909	1	1689	0	5	8	1.85
5063	2	4306	0	4	22	3
2584	2	6477	0	5	13	2.7
203	2	1568	0	5	4	1.75
6169	2	9021	0	2	13	2.5
2732	1	447	0	1	29	1.8
1829	1	4252	0	3	26	1.9
694	1	3994	1	2	11	1.7
1683	1	2780	1	2	16	1.6
7009	1	8877	0	3	4	2.3
6196	2	2279	0	3	15	1.8
4143	2	7842	0	2	3	1.9
5194	1	5981	0	5	9	2.7
1224	2	4871	1	2	23	2.3
7817	2	7779	1	3	18	1.4
3294	1	2476	0	2	18	2.1
1036	2	3270	1	2	7	2
5426	2	8835	0	2	6	2.4
308	2	6792	1	1	21	1.5
5570	2	5580	0	1	8	2.3
3534	1	3840	1	5	12	1.6
4019	1	7840	0	4	6	3.3
2535	2	3054	0	2	9	2.05
1828	2	5008	0	1	29	1.3
1938	1	5314	0	2	26	1.6
1662	1	2968	0	3	15	2.9
6045	2	901	0	2	22	2.3
2886	2	1812	0	2	2	2
4426	1	7842	0	4	14	2.4
3637	1	4485	0	2	8	2.1
893	2	1510	0	0	17	2.6
8635	2	8293	1	2	11	1.9
3741	1	8274	1	2	11	1.6
4484	1	2356	0	4	15	2.25
7034	1	6174	0	3	3	3.1
2515	1	7842	0	2	5	2.2
3841	2	4935	0	2	11	1.6
1859	2	7451	0	4	22	2.5
4723	2	1983	0	2	11	2.2
1602	2	2062	0	2	7	2.4
6629	1	6102	1	3	6	2.7
3502	2	8021	1	4	4	1.7
8303	2	5410	1	2	11	1.8
313	1	5818	0	2	22	2.1
2661	1	5881	1	2	26	2.2
618	2	64	0	2	14	2.4
4406	1	3840	0	2	7	2.2
6560	1	3916	0	1	8	1.5
5016	1	2829	0	4	26	2.8
6046	2	3111	0	3	12	2.8
7547	2	2356	0	2	27	2.375
6575	1	3914	0	0	23	0.7
697	2	6647	1	3	12	1.55
2936	1	8913	0	2	11	1.6
2918	2	6443	0	5	22	2.3
7363	1	7506	0	2	18	1.9
6655	1	2467	1	0	12	1.8
4641	2	1814	0	1	8	1.75
6530	1	1529	0	0	17	2
7866	2	5378	0	2	7	2.45
745	1	5675	0	3	23	3.4
7123	2	6110	0	2	7	2.1
8302	1	7301	0	3	15	1.7
7963	2	2704	0	1	27	2.2
7477	2	7027	0	1	8	2.7
8372	1	1916	1	2	2	1.5
1274	1	2857	0	2	20	2.8
6177	2	1207	0	2	25	1.6
1446	2	4935	0	1	12	2.7
1778	1	5561	0	1	29	2.3
5470	1	1529	0	2	5	1.8
8015	2	5193	1	3	6	2.9
6687	2	240	0	1	20	3
2720	1	1971	1	1	26	1.8
1307	2	7434	1	2	6	2.3
3894	2	4153	0	2	18	3
6953	1	535	0	3	11	1.7
2526	1	3754	0	2	8	2.2
867	2	556	1	3	5	1.6
3714	2	1288	0	2	18	2.7
5550	1	2982	0	3	23	3
6023	2	5556	0	2	13	2.6
3016	2	6271	1	2	25	1.5
8810	1	240	0	2	25	2.9
1969	1	8526	0	2	26	3
4794	1	4252	0	3	15	3.2
2870	1	668	0	2	18	2.6
1464	1	4049	0	0	21	1.1
5170	2	2623	0	3	12	2.1
5795	2	1107	1	1	3	2.7
7462	2	6516	1	1	7	1.9
7428	2	3558	1	1	27	1.25
5501	1	1221	0	2	2	1.6
3825	2	6843	0	2	12	2.1
8491	1	229	0	3	27	2.6
5921	1	7613	1	1	20	2
588	2	4306	1	2	16	1.5
487	1	1900	0	2	21	1.8
7419	2	516	1	2	13	1.8
5566	2	6257	0	2	18	1.4
2250	1	5006	0	2	3	1.6
4480	1	4000	1	1	29	1.6
7076	1	1037	1	0	4	1
5719	1	6443	0	2	11	2.3
7158	1	6106	0	2	13	2.15
1226	1	8407	0	3	15	2.6
2507	1	4836	0	1	29	1.4
3248	1	3162	0	1	11	2.1
4832	2	2704	0	1	13	2.1
6870	1	2432	1	4	11	2.6
447	1	1353	0	1	20	2.4
5067	1	3839	0	1	27	2.3
256	1	14	0	4	27	2.95
5473	1	6237	0	2	15	2.8
1721	1	2968	0	2	9	2
8598	1	5642	0	2	3	2.8
1222	2	1472	0	3	12	2.25
3849	1	2913	0	2	25	1.7
2505	2	183	0	2	4	2.7
1635	1	6215	0	1	6	1.5
1063	2	1793	0	2	22	2.1
1647	1	5287	0	2	22	2.7
2448	2	8249	0	2	14	3.2
8176	2	1544	0	0	27	1.25
3641	1	8732	0	2	8	2.1
1788	2	1725	0	5	12	1.6
2771	2	4204	0	1	29	1.8
6818	1	7613	0	0	17	2.2
4056	2	5935	0	2	15	1.65
1682	1	7840	0	1	18	0.9
8241	2	6232	0	0	22	3.4
1935	2	2697	1	4	7	2.2
2844	2	7779	0	2	6	1.4
7030	2	6232	0	2	23	2.7
315	2	511	0	2	3	2.2
6371	1	5556	0	1	9	2.2
6263	1	6689	0	2	6	1.3
677	1	6208	0	1	13	2.4
8290	2	4000	1	1	29	2.3
2611	1	6765	0	1	14	1.9
5881	1	7221	0	2	23	2.8
1568	1	8835	0	2	3	2.4
7729	2	8261	1	3	13	1.7
5257	1	4426	0	3	8	2.6
1925	1	3366	0	3	11	2
5709	1	43	1	3	23	1.8
2775	2	9017	1	0	23	1.5
6576	1	5545	0	1	29	1.2
8013	1	6557	1	2	6	1.9
4247	1	27	0	2	16	2.9
6539	2	5565	0	2	9	1.9
5240	1	7510	0	2	4	2.3
3058	2	4192	1	2	16	2.1
3839	1	3483	0	2	8	2.05
7867	1	3369	0	4	15	2.3
5436	1	4626	0	2	22	2.3
6455	2	442	0	2	7	2.9
6848	2	8678	0	2	7	2.3
2104	1	5673	0	2	18	1.9
2657	2	8600	1	1	11	2.1
547	1	3834	1	2	22	1.7
6958	1	4153	0	2	5	1.4
5716	1	7840	0	1	18	0.8
246	2	1355	0	5	15	3
258	1	1833	0	3	15	1.9
5621	2	3603	0	2	25	2.4
1884	2	1607	0	2	25	3
3699	2	7779	0	1	5	1.4
8896	1	2945	0	3	9	2.3
4518	2	6849	1	2	11	1.8
8753	2	599	0	1	29	1.7
7340	2	3926	0	2	23	3.1
5329	1	4085	0	3	18	2.1
6566	1	1971	1	2	12	1.85
3851	1	8600	1	1	11	1.6
5978	2	516	0	2	9	2.1
6485	1	2839	0	3	11	2.9
7314	2	6215	0	2	5	2.1
6643	2	2274	0	5	11	1.6
2800	2	5881	0	1	11	3
4578	1	6252	0	2	11	2.6
358	2	8145	0	3	12	3.1
3697	2	43	0	1	3	3.1
5296	1	2974	0	4	16	1.5
1059	2	4762	0	2	6	1.9
4124	1	6843	0	5	26	1.95
1376	1	5797	0	3	17	2.3
8683	2	6621	0	2	29	3.4
4901	2	2134	0	2	18	2.3
6917	2	6858	0	1	18	1.4
5431	1	6027	1	3	23	2.2
4150	2	2623	0	2	26	1.6
1423	2	1900	0	0	3	2.6
3740	1	2934	0	0	12	1.45
209	2	1375	0	2	23	3
8567	1	1510	0	1	21	2
1230	2	6159	1	4	12	1.9
6612	1	3857	1	1	12	1.65
5819	1	4506	0	2	25	1.8
1903	2	4506	0	1	21	1.4
6461	1	8281	0	2	9	2.05
8264	2	1198	0	1	29	1.9
7756	1	7448	1	1	16	1.7
8707	2	7780	0	1	21	2.1
6237	1	535	0	2	4	1.9
2353	2	7892	0	3	20	3.1
6729	1	8293	1	2	11	2
8766	2	7686	0	3	21	2.1
8427	1	1900	0	2	25	2.5
2665	1	2741	0	1	21	2.5
3906	1	2070	0	2	11	2.2
4807	1	4246	0	3	13	2.3
1219	2	3367	0	5	7	3.4
8408	1	9013	0	2	27	2.075
5804	2	6858	0	0	29	2.5
8811	2	4463	0	2	29	1.2
2241	2	2548	0	1	4	1.1
8796	1	3270	0	4	14	2.5
831	2	8234	1	3	18	1.6
5876	2	8321	0	1	6	2.6
1145	2	1037	0	4	8	3.1
922	1	7840	0	2	2	1.8
7096	2	5881	1	2	7	2.4
4037	1	2004	0	1	15	2.95
714	2	4049	0	1	29	1.9
7186	2	8164	0	2	7	2.6
8446	1	1607	0	2	18	3
836	2	5677	0	0	24	1.3
6301	1	3474	0	0	27	1.45
6932	1	1969	0	5	12	1.45
5824	2	8654	0	1	29	2.8
3373	2	4265	0	3	27	2
3680	2	8836	0	1	20	3
6402	2	2467	0	1	26	2.8
8703	1	1024	0	3	14	2.2
6803	1	6001	0	2	7	2.7
2590	1	8732	0	1	12	2.3
5670	1	3270	0	1	11	2.4
4053	2	6161	1	2	11	1.7
7341	2	2526	0	4	27	1.7
6745	1	3333	1	3	6	1.4
1241	1	6555	1	1	26	1.6
6417	1	4410	0	2	18	3
4996	2	7417	1	0	29	1.7
8575	1	4179	0	5	14	2.7
4974	1	2829	0	4	12	3
5407	2	6621	0	1	18	1.9
8191	1	7008	0	3	15	1.9
8093	1	2545	0	1	20	2.3
3866	2	5499	1	3	27	1.45
8622	2	5773	0	2	2	1.8
8002	2	8489	0	2	8	2.2
1240	1	8692	0	1	16	2.8
454	2	3089	0	1	5	1.1
2701	2	7201	0	4	23	2.9
1872	2	6161	1	3	2	1.5
7081	2	986	1	1	21	1.2
2788	1	7355	0	4	23	2.8
6324	1	3994	1	2	11	1.7
2162	2	4167	0	2	14	2.2
790	1	5108	1	0	7	0.95
7451	1	6858	1	5	23	2.3
7332	1	3994	1	1	7	1.8
141	2	8526	0	2	4	2.85
1614	1	3027	0	0	21	1
2465	1	2975	0	3	27	1.75
8869	1	6110	1	1	11	0.8
6028	2	695	0	0	21	1.7
2179	1	5895	1	2	12	1.95
615	2	4820	1	1	20	2
518	1	5981	0	2	27	3.05
3286	2	7327	1	3	9	1.85
8546	2	1398	0	2	13	1.3
802	1	7333	0	5	13	2.4
6431	2	3689	0	2	27	1.75
1472	1	503	0	2	2	2.1
6340	1	6125	0	4	9	1.975
2296	2	4538	0	1	8	1.05
3659	1	1529	0	2	25	1.6
6355	2	5499	1	4	15	1.65
6443	1	8293	0	2	2	2.4
1910	1	3227	0	2	13	2
5793	1	4854	0	5	7	2.9
3507	2	8145	0	1	4	1.25
3457	1	1042	0	1	21	2.1
6971	2	3733	0	1	26	2.4
4553	1	6621	0	0	23	3.3
300	2	4836	0	2	23	2.9
4145	2	6299	0	0	8	2.15
479	1	3707	0	0	20	2.7
2009	1	3867	0	2	14	2
3328	1	6006	0	4	9	2.6
5022	1	3149	0	4	15	2.15
9027	1	125	0	5	27	3.4
731	1	1983	0	1	22	1.2
4326	2	556	1	2	6	2.1
6060	1	6300	0	3	20	2.9
5217	1	4672	0	3	27	2.6
1645	2	556	1	3	5	1.7
2622	1	255	0	3	12	2.7
2719	2	6026	0	2	5	1.4
477	1	7636	1	1	2	1
3980	1	8932	0	2	4	1.25
2863	1	1622	1	2	6	1.9
4795	1	5580	1	2	27	1.05
1056	2	1783	0	5	11	2.9
6626	2	2062	0	3	14	2.6
7598	1	335	1	2	12	1.6
8677	2	5378	1	0	4	1.2
4971	2	7681	0	3	4	2.5
5079	1	1143	0	3	13	1.35
7347	2	6069	0	5	15	2.9
7027	1	1814	0	2	7	2.6
7227	1	6647	0	3	7	2.85
551	2	1411	0	2	9	2
3977	2	4489	0	3	15	2.5
5294	2	8533	0	1	27	2.4
4337	1	5956	0	2	7	2
1843	2	1969	1	1	15	1.9
362	1	8139	0	0	29	1.6
8309	2	7221	0	2	22	2.8
2542	1	5103	0	2	25	2.3
8012	1	6007	0	1	15	1.95
8772	2	2682	1	2	3	2.1
8247	1	7840	0	1	11	2.7
7961	2	7615	1	0	4	0.9
123	2	52	1	1	26	1.9
3873	1	8692	0	2	7	2.4
8	1	1529	1	4	23	2.2
4052	1	8361	0	1	9	2.2
6255	1	2548	0	2	8	2.15
2702	2	4485	1	1	13	1.7
6108	1	8866	1	2	20	1.9
1759	1	3082	0	1	15	2.05
8482	2	7434	1	3	23	2.3
949	1	8212	0	0	24	1.4
1598	2	5103	0	1	3	2.8
7706	1	1647	0	1	13	1.7
8538	2	8026	0	1	29	1.4
2382	2	6161	1	2	6	1.5
5853	2	5287	0	3	11	2.6
4195	1	5920	0	4	15	2.65
2173	1	8678	0	5	14	2.1
759	2	5673	0	2	23	3.1
3106	2	8605	0	1	12	2.9
8160	2	1812	0	4	16	2.3
8082	1	9049	0	3	18	3.7
5166	1	2985	0	2	27	2.65
7723	1	7506	1	2	11	1.4
7512	1	2293	0	0	17	2
4040	2	1971	1	1	26	1.6
8171	1	5084	1	0	4	0.775
4801	1	6520	0	0	4	0.675
5868	2	4358	0	1	29	2
5917	2	7287	0	2	13	2.2
31	2	2708	0	2	20	3.5
7793	2	8028	0	1	29	1.3
2689	2	5879	0	1	11	2.7
382	1	3038	0	0	12	2.15
1904	2	2656	0	5	11	1.4
4066	2	5371	0	1	13	2.8
2779	1	7219	0	3	26	1.7
8785	1	5410	1	2	11	1.6
6966	1	240	0	0	6	2.6
4463	1	4506	0	1	20	3.3
8795	1	1042	1	1	29	0.9
4948	2	8913	1	3	7	1.15
8895	2	27	0	1	11	2.2
22	1	2467	1	1	7	1.55
7092	1	6132	0	4	14	2.9
1308	1	6059	0	5	16	1.4
3858	2	75	0	1	11	2.3
5633	1	6792	1	2	23	1.8
1515	1	351	0	4	14	1.8
3182	2	5084	1	3	26	1.9
1204	2	6215	1	1	16	2.1
6352	2	3837	0	2	12	2.35
3708	2	3785	1	5	9	1.55
6999	1	922	0	3	16	1.6
2683	2	2945	0	1	13	2.6
4891	2	7956	0	2	23	2.6
4505	1	4306	0	1	11	2.7
5654	1	6645	1	0	5	0.7
8068	1	3879	1	2	15	1.6
909	1	1760	0	1	27	2.35
3119	1	8293	1	3	23	2
2652	1	668	0	2	23	3.4
2004	1	6516	1	1	26	1.9
2352	1	4553	0	1	18	1.6
2265	1	1725	0	3	9	2.8
8281	1	1340	0	2	26	2.9
6452	1	4328	0	2	20	2.7
3719	1	4672	0	1	13	1.65
699	2	1714	0	1	29	2.6
8248	1	75	0	2	18	1.3
8023	2	6	0	1	27	2.65
5663	2	1916	1	2	2	1.6
4546	2	2070	0	2	16	2.6
4992	1	4565	0	3	15	1.9
7172	1	1037	1	0	4	0.85
7838	2	901	0	1	2	1.5
8973	1	255	0	1	13	2.5
8788	1	3559	0	0	20	2.7
3731	1	1437	0	0	15	0.8
6775	1	7929	0	2	18	1.8
7029	2	1107	0	3	6	3.7
5196	2	4871	0	1	29	1.4
6777	2	4358	0	1	25	1.4
7008	1	6520	0	4	9	2.7
2148	2	3065	0	1	29	2.6
3751	2	99	0	2	11	1.6
685	1	8364	0	2	18	2.4
1242	2	3834	1	2	16	2.3
1371	2	2665	1	4	23	2.7
6437	2	5193	1	3	23	2.5
667	1	6846	0	1	8	2.6
5052	2	556	1	2	3	1.9
901	1	6765	0	2	23	2.3
7581	1	5751	0	1	13	2.3
5968	1	1971	1	2	12	1.85
6105	2	2985	0	0	12	1.15
4122	1	7751	0	1	7	2.5
1657	1	1900	0	0	17	2.2
6121	2	4672	0	2	9	2.2
870	1	3762	1	2	3	1.7
6179	1	8504	0	2	9	1.9
6479	2	7140	0	1	11	1.7
2048	2	4820	1	2	25	1.5
542	2	7448	1	2	22	1.5
8968	2	4328	0	2	25	2
5489	1	8692	1	5	11	2.2
7319	1	6271	0	1	29	2.5
8481	2	3267	0	1	21	1.5
8659	2	3762	0	2	6	3
923	1	552	1	2	23	1.6
81	1	795	0	2	2	2.4
7254	2	7219	0	5	15	3.5
5299	1	3655	0	1	9	2.3
4750	2	2473	0	2	8	2.5
614	1	2934	0	0	8	1.45
5617	1	1288	0	2	2	2.3
5995	1	3015	0	1	11	2.4
8901	1	3376	0	2	2	2.1
2117	1	801	1	5	16	1.2
1055	2	8669	0	0	17	2.4
1760	1	2008	0	2	26	2.8
4587	1	5084	1	4	8	1.45
3802	2	8533	0	3	9	2.35
224	1	1090	0	1	29	1.6
2479	1	8345	0	2	8	2.2
5287	1	3846	0	1	3	2.5
8419	1	64	1	2	7	1.4
6581	1	3356	1	4	8	1.5
3274	2	8249	0	1	8	1.35
6874	2	6443	1	2	26	1.9
156	2	5741	0	0	9	0.75
1093	1	1829	0	1	8	1.1
5391	1	1911	0	1	29	1.1
3696	1	43	1	3	18	1.7
3909	2	2250	1	3	23	1.8
957	2	795	0	2	18	2.4
90	2	6555	0	5	4	1.65
3668	1	7541	0	1	3	3
2467	1	7506	1	2	2	1.6
1218	1	104	0	1	8	2.4
4679	1	4871	1	2	23	2.2
3727	1	515	0	1	16	2.4
4312	1	8293	1	2	18	2.5
2506	1	7202	0	2	14	2.8
6762	1	516	1	4	12	1.6
1054	1	1656	0	1	29	2
5024	2	5006	1	1	18	1.3
1154	2	1085	1	3	22	1.6
7110	1	1529	0	2	18	1.8
1244	2	2899	0	2	16	1.7
1106	1	3558	0	2	9	2.1
8224	1	5009	0	3	18	2
2715	2	1042	0	1	20	2.6
3737	2	5900	0	1	26	2.8
7303	2	4822	1	1	3	1.9
4728	2	7840	1	2	16	2.3
3836	2	8341	0	4	12	1.7
373	1	8321	0	2	23	3.1
7668	1	4306	0	1	2	1.4
1067	1	7840	1	2	16	2.6
7163	2	8567	0	1	25	2
7134	2	2062	0	2	11	2.9
5844	2	809	0	3	11	1.5
1532	1	6161	0	2	16	2.7
4840	2	695	1	3	23	2.5
2247	2	263	0	1	7	2.8
3148	1	1696	0	3	9	1.55
7677	1	1696	0	2	15	2.4
7503	2	4489	0	3	13	2.5
2987	1	6850	1	1	29	2.1
1802	1	5831	0	0	4	1.475
410	2	7541	0	0	17	2
2885	2	2968	0	4	8	2.1
5440	1	587	0	1	20	3.4
4482	1	9017	0	2	5	2
5224	2	9040	0	3	23	2.2
7560	2	2635	0	4	12	1.7
5922	2	4781	0	1	16	3
4025	2	5920	1	4	27	2.8
4220	1	8182	0	2	21	1.9
5742	2	7355	0	2	6	1.2
2780	1	1607	0	1	29	3.2
3756	2	6027	0	1	29	2.6
2550	1	6778	0	0	21	1.3
511	1	5193	0	2	25	2.3
8672	1	535	0	4	11	2.4
2338	2	1	0	5	22	1.3
6713	1	4426	0	3	13	1.45
4059	2	3857	0	2	13	2.95
8305	2	7027	0	1	12	2.8
172	2	6788	0	1	24	1.4
1728	1	4031	0	1	14	2.7
7494	2	1725	0	1	13	2.9
5142	1	75	0	5	22	2.4
3386	1	1372	0	2	6	2
6657	1	3111	0	3	13	2.7
3234	2	6006	0	2	13	2.9
6916	2	8788	0	2	5	1.9
1456	1	1814	1	2	26	1.9
5066	1	9017	0	2	18	2
8647	2	7499	0	1	5	1.7
7120	1	692	1	0	16	2.8
2814	1	1375	0	3	21	2
2510	2	2537	0	1	20	3.4
2196	1	8732	0	2	14	2
6004	1	580	0	2	3	0.9
4985	2	218	0	3	14	2.7
2184	1	4358	0	1	3	1.8
6726	1	6858	0	0	21	1.2
4516	1	1199	0	0	29	1.7
7676	1	2052	1	4	7	1.7
3445	2	37	0	4	23	3.7
3515	1	3543	0	0	25	1.3
9057	2	2635	0	1	13	2.5
4185	1	4836	0	0	11	2.4
6140	2	7499	0	2	6	2.8
4619	1	6765	0	2	6	1.5
7908	1	821	0	2	25	2.2
7684	1	3926	0	2	6	2.7
6711	1	2424	0	3	16	1.4
6335	1	8848	0	1	20	2.3
7777	2	8738	0	1	8	2.6
1343	2	2635	0	1	9	2.55
777	2	2034	0	2	9	2.25
713	2	3476	1	3	27	1.5
3808	1	6778	0	1	29	2.3
346	1	4031	0	1	11	2.2
8177	1	546	0	0	27	1
431	2	556	1	2	6	2.3
2180	1	6001	1	4	26	1.8
791	2	3227	0	1	9	2.1
8373	1	2034	0	4	27	2.2
2789	1	8600	1	2	22	2
3791	1	3879	1	2	15	1.9
5008	1	3914	0	1	20	2.6
4446	2	4485	1	1	12	2.15
3107	2	8669	0	0	20	2.3
3876	1	6946	0	1	5	0.9
4289	1	5550	1	2	11	1.3
5577	1	4473	0	2	23	2.8
3388	1	8901	0	1	8	2.4
5495	2	263	0	3	4	2.8
5122	2	4252	1	1	27	1.55
134	2	6257	0	1	16	2.5
3066	1	6106	0	2	8	2.15
4362	1	6414	1	4	15	2
6827	2	7158	0	4	15	3
4141	2	6505	0	2	27	2.5
1698	1	2317	0	1	26	2
5250	2	2982	0	2	5	1.5
6857	2	3432	0	3	22	2.5
6367	2	3015	1	2	22	1.7
6994	1	8703	0	3	4	2.1
5302	2	6843	0	1	9	2.65
7155	1	2654	0	0	29	2.1
1221	1	2240	1	2	5	1.5
2820	2	6007	0	4	27	1.775
2248	2	5673	1	2	22	1.8
2079	2	8972	0	4	16	1.5
8542	1	6689	1	1	16	1.5
8958	1	6182	0	3	21	2.5
7309	2	8021	0	3	27	2.7
5244	1	561	0	1	7	2.6
8115	1	8289	1	1	2	0.9
2608	2	2279	0	0	12	1.75
3840	1	4153	0	1	11	2.5
8389	2	695	1	1	20	2.4
1816	1	1760	0	0	8	1.35
1790	2	5084	0	3	7	2.5
7255	1	6414	0	1	8	1.1
8212	1	2467	1	1	7	1.6
294	1	465	1	1	18	1.1
2969	1	2452	0	2	14	1.6
6579	2	3659	0	2	18	2
4599	1	695	1	1	6	1.9
4216	2	2317	0	0	13	2.35
1143	1	2922	0	3	12	2.2
3434	2	7663	0	1	4	0.875
1112	1	4514	1	2	12	1.4
2195	2	3986	1	3	23	2.1
4285	2	7751	0	1	14	2.9
3221	2	6831	0	2	2	1.7
5639	2	6764	0	2	11	1.7
8312	2	7686	0	3	17	3.1
4748	2	7642	0	2	11	2.2
5386	2	8376	0	5	14	2.8
2724	1	1051	0	0	25	1.4
7489	1	2654	1	0	6	1.2
5776	2	4328	0	3	5	2.9
6428	1	1607	0	2	5	2.7
4343	2	43	0	2	5	2.7
2205	1	2473	0	3	12	2.2
1322	1	1260	0	2	11	2.2
3832	1	4715	1	0	20	1.9
7534	2	2974	0	3	7	2.9
2220	2	3432	0	2	18	2.3
5859	1	6	0	1	9	2.35
5349	2	4677	0	1	24	1.2
5167	2	1622	1	2	6	1.9
845	1	6846	0	2	12	3
5396	1	4358	0	1	20	1.6
5243	2	5436	0	3	7	3.1
2685	2	1143	0	2	27	2.75
8830	2	6365	1	2	20	1.6
6347	2	6846	0	3	4	1.95
5650	1	8364	0	1	5	1.2
7334	2	3871	0	2	14	2.4
8067	2	6006	0	2	15	3.15
977	2	5556	0	1	27	2.4
461	2	2654	0	0	17	2
2902	1	2966	0	1	14	2.5
2272	1	5499	0	4	13	2.3
7108	1	2985	0	2	15	2.8
7697	1	4836	0	2	16	2.4
7592	2	553	0	5	26	1.9
3354	1	8981	0	2	29	1.8
4770	1	6001	0	2	16	1.8
7526	1	8249	0	2	11	2.5
8663	2	9056	0	0	17	2.6
8125	2	8810	0	2	18	2.1
7852	1	2654	1	0	6	1.1
4429	2	3857	0	4	8	3.3
5970	2	5831	0	2	2	1.9
2076	2	1505	0	0	8	1.25
8355	2	8321	0	1	29	2.6
4259	2	3754	0	1	7	1.55
8475	1	6706	0	3	2	1.9
6375	1	695	1	1	20	1.8
3676	1	81	0	5	16	1.8
1789	2	7159	0	4	11	3.4
2928	2	8526	0	3	11	2
3403	2	6768	0	4	14	2
3673	2	8079	1	1	13	1.6
5870	1	4251	0	3	9	2.05
7511	2	9023	0	3	22	3
8618	2	668	0	3	5	3.2
140	1	1529	1	4	23	2.5
1235	1	6778	0	1	20	2.3
2597	1	5642	0	2	6	2.5
6685	1	3603	0	1	29	2.3
8649	2	1647	0	2	7	2.3
5551	1	8037	0	5	26	2.1
4383	1	4256	0	1	12	2.3
5190	2	2966	1	2	2	1.8
999	1	398	1	3	22	1.3
8894	1	795	0	3	23	2.9
687	1	9023	0	2	2	1.9
229	1	52	1	1	26	2.2
52	1	3687	0	2	22	2.6
4329	2	8932	0	3	9	2.45
2013	2	8865	1	2	20	2.7
4489	1	8116	0	2	7	2.2
2750	1	3879	1	1	13	1.6
4581	2	801	0	3	22	1.9
4827	1	7681	0	2	7	2
965	1	995	0	2	16	2.2
666	1	2052	1	4	7	1.8
404	1	3018	0	0	17	2.3
7918	2	6414	0	1	9	1.6
7530	1	2069	0	3	12	2.1
1820	2	2922	0	0	4	0.725
981	1	695	1	3	23	2.2
5230	1	2945	0	4	27	3.05
2290	1	2279	0	3	9	2.05
3520	1	6452	0	1	29	1.4
6317	2	6765	0	2	22	3
6016	2	6215	1	2	18	1.9
3965	1	3832	1	2	22	1.9
6887	2	4542	0	3	11	2.5
804	1	2982	0	1	20	2.2
6072	1	6764	0	1	22	2.2
8993	2	6153	0	0	5	1.2
6116	2	3747	0	1	4	1.425
7304	2	5296	0	3	4	1.5
7283	2	8567	0	1	20	1.6
8283	1	8341	0	3	4	1.95
8563	2	3832	0	3	5	2.9
7028	2	2240	1	1	29	1.6
6580	1	5642	0	2	5	2.5
7596	1	1260	0	5	5	2.4
4837	2	3539	0	2	14	2
8019	1	1529	0	2	29	2.7
530	2	4555	0	0	29	1.7
7664	1	2113	0	2	8	2.3
4839	2	183	0	3	12	2.9
3785	1	4031	0	1	7	2.5
64	1	1916	1	1	3	2
7905	2	8901	0	1	11	2.2
4895	1	14	0	1	9	2.35
7143	2	8526	0	3	12	3.2
8199	2	6232	0	3	11	2.8
1264	1	6621	0	0	17	2.2
76	1	8732	0	2	9	1.75
4504	2	1689	0	2	13	2.7
6001	1	503	0	2	18	2
8485	1	487	0	1	29	2.5
1618	1	2809	0	1	29	1.9
2164	1	5359	1	1	15	1.15
1279	2	6908	1	0	6	1
3853	2	1782	0	3	7	2.05
3472	1	8810	0	2	3	1.6
3665	2	482	0	2	7	2.5
5101	2	6110	0	2	16	2.4
6653	1	4031	0	1	16	2.6
2044	1	8108	1	1	3	2.2
3302	2	3733	0	3	9	2.5
8963	2	7448	1	1	16	1.8
440	1	7374	0	1	13	2
7346	2	1472	0	2	7	2.35
465	1	2476	0	1	3	2
4762	1	8321	0	2	3	3.1
4033	2	774	0	5	15	3.1
8523	2	7219	1	1	27	1.25
3801	1	2476	0	2	5	1.7
964	2	3747	0	2	15	3.2
6462	2	6252	0	2	22	2.4
6127	1	2985	0	2	13	2.8
3504	1	229	0	2	15	2.5
6254	2	3994	1	3	12	2
4430	2	7840	0	1	3	2.3
2976	2	1532	0	3	7	2.6
1684	2	4000	1	1	3	2.2
7070	1	801	0	2	14	1.9
5507	1	7664	0	2	27	1.9
8378	1	765	0	3	11	2.2
1386	1	5921	0	1	29	1
4662	1	1805	0	2	18	2.5
6547	2	3846	0	1	5	2.2
1705	1	5296	0	1	26	2.5
194	1	3316	0	2	5	2.5
20	1	745	1	1	12	1.6
6934	1	4489	0	2	27	2.4
8239	1	2250	0	2	5	1.4
4075	2	4485	1	1	13	1.6
8857	2	3416	1	4	12	2.5
2274	1	2729	0	2	2	2
350	2	5503	1	1	13	2
5266	1	515	0	1	5	1.4
8044	1	4514	1	2	12	1.8
5183	2	2935	0	5	4	2.8
7926	2	5436	0	3	4	1.8
7287	1	3785	1	1	26	1.6
1710	1	6840	0	1	3	1.1
7903	2	4770	0	1	4	1.3
8873	2	1260	0	2	3	2.2
6876	2	4049	0	0	5	1.2
8623	1	3834	1	1	18	1.1
436	2	7596	0	0	23	1.6
5706	1	4838	0	2	27	2
5703	2	5499	1	4	15	1.75
2663	2	240	0	2	5	3.2
8906	2	3506	0	2	2	1.8
1751	1	5009	0	2	16	1.8
5908	2	1074	0	1	11	2.4
8978	1	8116	1	1	26	1.6
6250	1	3843	0	2	15	2.65
1144	1	6803	0	0	4	1.45
1971	1	6717	0	3	14	1.4
380	1	7710	0	1	29	2
2810	2	2196	0	2	26	2.8
1215	1	3874	0	3	22	1.3
1764	2	1051	0	1	3	2.6
1942	1	4626	0	2	18	1.5
6527	1	2623	0	2	27	2.2
5677	1	6849	0	1	7	2.7
1346	2	8111	0	1	2	1.6
6133	2	1164	0	4	22	2.4
3776	1	5296	0	2	7	2.4
2447	2	3015	1	2	22	1.7
7369	1	2654	1	0	25	1.1
2513	2	6516	0	4	16	2.2
8448	2	4167	1	3	13	1.6
4907	2	5378	1	0	4	1.4
1741	1	1321	0	3	23	2
7779	1	695	1	1	3	2.1
3479	1	2134	0	2	22	2.2
7719	2	7779	1	3	18	1.7
839	2	1085	1	3	22	1.6
4467	1	3983	0	0	17	2
4653	2	7434	0	1	29	2.6
938	2	2982	0	1	3	2.7
1131	2	5529	0	1	16	1.5
3090	2	255	0	2	8	2.25
983	1	765	0	2	16	1.6
5075	1	668	0	2	2	2.2
5792	1	3367	0	2	11	2.5
913	2	801	1	5	16	1.4
503	1	2843	0	1	3	2.3
5340	1	2635	0	1	8	2
3376	1	6778	0	2	25	1.8
3437	2	3376	0	2	6	2.2
7273	2	4762	0	2	23	3
8063	1	3539	0	2	4	2.25
430	2	14	0	1	13	2.45
3510	2	8202	0	1	15	2.85
7917	2	6516	1	3	12	2
6120	1	1340	0	2	22	2
2843	1	8835	0	1	20	2.4
3667	1	6102	0	2	18	2.5
5309	1	901	0	5	7	2.5
413	1	916	0	2	11	2.9
5295	2	5287	0	2	23	2.7
3591	1	6871	0	4	12	1.95
6233	1	7813	0	4	26	1.5
5803	2	2704	0	2	9	1.925
8189	2	968	0	2	15	2.6
784	1	8200	1	2	23	2.1
3657	1	6503	1	5	9	1.5
6006	1	4485	0	1	26	3.1
4964	2	6692	0	2	9	1.65
4140	2	1916	1	1	3	2
5789	2	2052	1	2	11	1.8
8449	2	7541	0	2	25	2.7
3794	2	8345	1	1	27	2.1
3630	1	7373	0	3	11	2.4
4273	1	2769	0	1	27	2.35
706	1	2729	0	2	16	2.9
5589	2	8913	0	4	4	2.1
96	2	2654	0	3	3	3.3
6834	1	6849	0	1	16	2.9
1666	1	7222	0	2	18	2.1
8196	2	7842	0	2	7	2
2787	1	8734	0	4	23	1.6
6558	2	1969	1	2	9	1.25
6185	2	995	0	1	22	2.3
6600	1	2240	1	2	23	2.2
237	2	5956	0	5	4	2.1
7313	2	4626	1	1	11	1
3689	1	8037	0	2	8	2.15
7098	2	125	0	4	12	2
3995	2	1142	1	1	3	1.9
742	1	5006	1	3	23	2
6268	1	4749	0	0	13	0.4
7174	2	3112	0	3	21	2
1281	1	7287	1	2	27	1.5
7504	2	7268	0	1	13	2.2
3257	1	8489	0	4	15	2
8764	1	5818	1	2	7	2.2
4002	2	3483	0	1	13	2.8
4016	2	2966	0	2	4	2.25
4607	1	8958	0	1	29	2
6338	1	3926	0	1	5	1.6
1123	1	5556	0	1	15	2.3
1964	2	9023	0	2	18	1.8
7023	2	2515	0	5	14	2.9
2859	2	762	0	1	18	0.9
7626	1	2317	1	0	12	1.8
7694	2	1793	0	2	16	2.4
1140	2	7622	0	2	15	2.45
1544	1	6299	0	1	9	1.95
6948	2	1	0	1	11	1.9
1405	1	2062	0	2	18	2.2
882	1	4888	0	0	15	0.85
4987	2	8079	0	2	7	1.5
7559	2	3874	0	2	11	2.5
4201	2	2452	0	2	7	2.3
3311	2	4085	0	2	11	2.1
5293	1	3846	0	2	25	2.1
161	2	7842	0	2	6	2.5
2066	2	5751	0	2	11	2.2
2602	2	81	0	4	22	1.5
7277	2	1833	0	1	9	2.45
8841	1	4328	0	1	3	2.6
6018	2	2654	0	1	21	2.6
6553	1	5325	0	1	18	1.2
4676	2	183	0	3	14	2.4
3188	2	8179	0	0	8	1.35
8777	2	2196	0	4	4	1.3
7379	2	7221	0	2	5	1.6
1940	2	5378	0	2	11	2.2
5133	2	6831	0	2	18	2.5
7726	2	1814	0	1	12	3
8028	1	7122	0	1	20	2.8
5342	1	8848	1	1	3	1.8
7979	1	5565	0	5	27	2.4
5433	2	2665	0	2	18	2.6
6910	2	8970	0	1	14	1
6601	2	4000	1	1	5	1.5
3881	2	795	0	3	22	2.8
1718	2	3162	0	2	22	2
5529	1	3926	0	4	18	2.1
3934	1	745	0	1	11	2.5
7848	1	8978	1	2	27	1.45
808	1	1375	0	2	18	2.3
7509	1	7510	0	2	14	1.6
582	1	6831	0	3	23	3.2
4691	1	3659	0	3	23	3.6
6804	2	7779	0	3	23	3.5
8692	1	8341	0	2	23	2.2
5972	2	986	1	1	21	1
8920	2	64	1	2	22	1.6
1019	1	425	0	2	6	1.8
6211	2	5542	0	5	9	3.15
7339	1	3603	0	0	21	1.3
8376	1	8835	0	2	23	1.9
2217	1	7448	0	2	2	1.6
8884	1	745	1	3	22	1.6
6464	1	3316	0	2	21	2.6
1368	1	6159	0	5	14	2.4
3439	2	1529	0	1	3	2.5
7129	2	382	0	5	15	3.3
2154	2	8866	1	0	17	1.9
8250	2	2253	1	1	11	2.2
5532	2	4983	0	1	18	0.9
658	2	1164	0	5	12	4
7318	2	1260	0	5	22	3.1
3582	2	442	0	1	14	2.5
2871	1	8345	0	2	13	3.3
7623	2	3785	0	2	13	2.55
1998	1	2769	0	5	15	3.2
6684	1	416	0	2	18	1.8
6184	1	7374	0	1	27	2.6
2668	1	9017	0	1	3	1.3
5535	2	4049	0	2	20	1.4
970	1	331	0	2	16	2.4
6931	2	7034	0	3	11	2
3094	1	5262	1	2	20	2.1
7900	2	5580	0	2	13	1.6
2336	1	2611	0	0	4	1.25
5325	1	795	0	2	3	1.8
7844	1	9017	1	2	6	2.2
6915	2	7681	0	2	8	2.5
8748	2	3986	0	5	16	3.9
5769	2	5357	0	2	13	2.3
598	1	1074	0	2	18	1.7
1550	2	901	0	1	14	2
7326	2	5550	0	2	16	2
3185	2	6026	0	3	18	1.7
7843	2	8692	0	1	14	1.1
3987	1	4202	0	4	15	1.85
1831	2	3281	0	0	27	1.35
7263	1	8489	0	2	27	2.5
2979	2	6001	0	3	14	2.2
2263	2	8316	0	2	14	2.3
2113	1	4781	0	2	2	2.2
6493	1	3655	0	2	15	2.35
8141	2	7034	0	1	2	1.5
1947	2	2077	0	4	27	3.1
546	1	5371	0	3	9	2.65
2046	2	2704	0	1	8	1.75
7525	1	2506	0	3	12	2.55
45	1	465	0	2	6	1.3
2824	1	6026	0	0	11	0.8
5213	2	43	1	3	18	1.6
3132	1	5359	0	2	27	2.05
8564	2	6237	0	2	12	1.4
2633	1	5642	0	1	20	3
4596	1	43	0	2	29	2
7907	2	1760	0	2	9	2.35
6594	2	5314	1	2	11	1.8
8423	2	5440	0	1	6	3.2
3944	1	5815	0	2	12	2
3598	2	8489	0	4	9	1.75
2834	2	5751	0	1	14	2.1
3584	2	1916	1	2	16	1.9
7857	1	8293	1	2	18	1
8050	2	1916	1	2	5	1.7
7149	2	4489	0	2	12	2.6
3396	1	5959	0	2	18	1.6
6298	1	5057	0	1	12	3
6357	2	75	0	1	14	1.5
2791	1	5818	0	2	14	2.4
5891	2	465	0	2	2	2.6
1401	2	6477	0	2	4	2
3059	1	7584	0	2	18	1.9
5960	1	8261	0	1	8	2.4
2114	1	8345	0	2	12	2.95
1237	1	335	0	1	27	2.3
3973	2	5318	0	3	11	2.7
7366	2	7510	0	5	16	1.6
1564	1	5635	0	1	15	2.6
9021	1	4256	1	2	26	1.2
1486	2	4626	1	1	11	1.3
2801	1	5748	0	2	18	3.1
1327	2	8605	0	1	9	2.4
4020	2	7780	0	1	20	2.3
6213	2	5815	0	2	27	2.8
671	1	3867	0	1	11	2
6627	1	6158	0	4	22	2.5
6952	1	5670	0	2	7	1.7
4132	2	8376	1	2	12	1.55
2488	2	1274	0	1	23	1.6
6381	2	2623	0	2	15	2.15
106	1	2515	0	3	7	2.8
6476	1	5881	1	5	14	1.4
5006	1	4836	0	2	25	1.8
1849	2	3054	1	2	27	1.9
331	1	7842	0	2	23	2.9
5572	1	6689	0	2	18	2
3661	2	3376	1	4	16	2.4
3400	2	8877	0	3	16	1.8
5580	1	4770	0	4	7	3.1
5561	1	6300	0	1	21	2
7824	2	4781	0	1	11	2.9
2160	2	1812	0	2	18	2.7
1966	2	5748	0	1	5	1.7
4551	1	6182	0	1	20	2.6
4844	1	7596	0	3	11	2.5
7652	2	8504	1	4	12	1.75
7427	2	1024	0	4	11	2.4
1108	2	7813	0	1	27	2.35
4565	1	8407	0	4	13	1.9
4543	2	1622	1	1	29	1.9
2133	2	2279	0	3	27	2.2
6562	1	3832	0	2	3	2.6
2105	2	8289	1	0	25	1.1
3233	2	6215	0	0	23	3.5
4704	1	561	0	3	14	2.1
6146	1	3559	0	2	29	3.3
7716	1	6325	0	1	27	1.85
6543	2	582	0	2	16	3.2
5606	2	1479	0	2	2	1.7
2548	1	6849	0	3	14	2.1
2449	2	3027	0	2	20	2.6
4251	1	3747	0	1	8	3
3968	1	7434	1	2	6	2.2
5159	2	3857	1	3	9	2.05
5993	2	6587	0	4	11	2.8
7622	1	6	0	3	8	2.05
5839	2	6127	0	0	9	0.75
6950	2	5193	0	1	20	3
6595	1	5296	0	2	11	1.8
5857	2	8740	0	2	22	2.1
8903	1	8108	1	1	29	1.7
5504	2	5631	0	2	13	2.4
8109	2	5648	0	0	9	0.9
5090	1	2052	1	2	11	1.8
6068	1	7327	0	3	12	2.5
2726	1	1164	0	1	11	2.4
5527	1	339	0	2	3	2.9
2792	1	1142	0	3	21	2.2
1253	1	8341	0	1	16	2.3
5683	1	6778	0	3	18	2.2
835	2	4482	0	2	2	2
262	1	2945	0	3	15	3.2
3432	1	6102	1	1	3	2.3
4266	2	6505	0	1	12	1.65
8547	2	5084	1	3	26	2.5
1487	2	5631	0	2	8	2.2
4344	2	2922	0	0	24	0.4
2962	2	4781	0	4	4	2.1
936	1	9021	0	5	27	2.8
8396	2	1689	0	4	27	2.9
5412	1	5642	0	1	29	2.8
2177	2	5422	0	2	3	2.4
2050	2	3457	0	1	29	1.9
2388	2	7615	1	2	8	1.85
3985	2	2922	0	1	26	2.4
7412	2	2749	0	3	12	1.8
1141	2	2780	1	3	18	2
8316	1	4153	0	2	2	2.5
2065	1	7842	0	2	2	1.9
8729	1	3948	0	1	3	2.9
799	2	2317	1	2	9	1.65
3429	2	2279	0	2	13	1.8
6286	2	2008	0	2	4	1.9
1552	2	5585	0	1	21	1.8
6439	1	3834	1	2	16	2.4
8381	2	515	0	3	22	3
7992	1	7638	1	2	16	1.4
6151	1	5314	0	2	16	2.2
2731	2	8740	0	5	7	3.5
2332	1	6792	0	1	29	1.9
8030	1	7374	0	1	9	2.2
8235	2	8692	0	2	22	2.6
5169	1	6257	0	2	22	1.8
6977	1	1809	0	2	15	2.45
8052	1	6132	0	3	7	3
1580	2	1241	0	3	15	2.25
1248	2	5169	0	2	9	1.7
7523	2	5006	0	1	5	1.4
7223	1	2317	0	1	8	2.9
9007	2	3879	1	5	9	1.775
7475	2	7537	0	4	4	1.9
933	2	416	0	2	11	2.3
6901	2	6348	0	0	17	2.2
5236	1	5108	0	1	11	1.6
5149	1	7898	0	1	15	1.95
8736	2	8813	0	2	16	1.7
8358	1	1812	0	1	22	2.4
7180	1	8364	1	3	11	1.5
3162	1	3986	0	1	5	2.1
7528	1	6792	1	2	23	1.7
446	2	1532	0	3	11	2
6944	2	7287	1	4	9	1.35
3242	2	5542	0	5	13	1.7
519	1	8183	0	2	11	2.2
7610	2	5340	1	3	15	1.55
8645	2	4558	0	0	21	1.1
8472	2	7421	1	2	20	2
7152	2	2196	0	1	13	2.4
4642	1	6	0	1	26	2
2152	1	3364	0	3	23	2.9
6584	1	5638	0	1	17	2.2
3616	2	7991	0	0	17	2.2
1929	2	3038	0	3	9	2.65
2481	1	2985	1	2	9	1.95
5361	2	3762	1	2	3	2
1565	1	6755	1	1	6	1.9
6616	2	1814	1	2	4	1.85
4380	2	2780	1	2	2	1.4
7265	2	351	0	3	4	1.7
5631	1	4783	0	3	7	2.1
5054	1	8407	0	5	27	2.6
3718	1	6414	0	5	27	3
6680	1	7760	1	2	13	1.5
2647	1	7506	1	2	2	1.5
2477	2	1164	0	1	14	2.4
7196	2	1515	0	2	13	2.4
8644	2	8796	0	1	24	1.5
7294	2	7432	0	4	9	2.7
7102	2	339	1	2	23	1.7
6510	2	3506	0	2	16	2.9
8642	1	146	0	2	22	1.6
1225	2	503	0	5	14	2.6
5816	2	2780	1	2	16	1.6
8097	2	3364	0	1	5	1
7894	2	5287	0	2	5	1.8
5834	2	2356	0	4	13	2.4
6125	1	1674	0	1	12	1.95
8997	1	3333	1	3	23	2.2
2890	1	8145	0	1	15	1.95
7365	1	3986	1	2	11	1.6
4244	1	5748	0	4	2	2.6
7399	1	6208	0	1	8	2.6
5887	2	668	0	1	29	1.9
173	1	6843	0	1	13	2.2
6986	1	8978	0	4	15	3.1
3655	1	5556	0	1	26	2.3
7524	1	8021	1	3	12	1.8
5883	1	4797	0	2	12	1.35
1490	2	6503	0	1	8	2.5
8919	2	8865	0	3	21	2.5
657	1	3958	1	5	14	2.1
3329	1	7840	1	2	22	2.2
1048	1	43	1	3	23	2.5
7014	1	8567	0	3	3	3.1
559	2	772	0	1	27	2.7
9023	1	8293	0	2	5	1.8
8688	2	809	0	5	4	2.3
6377	2	5831	0	2	22	3
6768	1	1221	0	3	22	2.4
7576	2	2974	0	3	22	2
6969	2	8261	0	2	4	1.35
5019	2	1164	0	1	26	2.2
4708	1	5773	0	1	11	2.3
7298	1	1107	0	1	2	1.2
760	2	809	0	0	14	1.5
8980	1	7898	0	1	9	2.4
3636	1	1472	0	2	14	2.1
788	2	8901	1	3	12	2.3
3023	1	5396	0	1	29	1.1
937	1	339	0	2	5	1.8
3170	2	3637	0	3	15	2.7
2128	1	7780	0	1	29	2.5
5643	1	4328	0	3	6	2.8
225	1	5331	0	2	15	2.15
8601	1	8526	0	2	7	2.8
8298	1	8843	0	3	23	1.4
3483	1	2635	0	2	26	1.8
8593	1	8063	0	3	27	2.4
6252	1	2476	0	2	23	2.7
7396	2	1353	0	0	21	1
1999	2	8037	0	2	12	2.2
7322	2	7888	0	2	27	2.025
3805	2	1472	0	1	4	2.35
718	2	2255	0	4	27	2.8
932	1	2253	0	1	2	1.6
7388	1	339	0	1	29	2.3
1763	2	4049	0	2	3	1.4
428	2	4927	0	1	26	2.5
968	1	3038	0	3	8	1.9
3341	1	8268	0	4	15	2.15
8313	2	2899	0	3	7	2.6
7372	1	3506	0	1	22	2.3
4027	2	8202	0	3	9	3.25
7859	2	7636	0	4	11	1.6
6784	2	5419	0	2	21	2.1
3374	1	1783	0	1	29	1.5
8337	2	7221	0	3	16	3.1
4123	2	6208	0	2	26	2.6
1793	1	4085	0	2	23	1.7
6197	2	4935	0	1	13	2.4
304	2	1674	0	2	26	2.5
8218	1	1283	0	2	8	2.7
6898	1	2985	1	2	9	1.65
8352	2	5773	0	0	23	1.4
8983	1	7813	0	2	12	1.85
8084	2	2186	1	5	15	2
7317	2	2134	0	2	2	2
7237	2	1085	0	2	16	2.4
1755	2	1073	0	1	13	2.9
1008	2	7844	0	0	5	1.2
1329	1	3594	0	2	8	2.05
6788	1	5550	0	4	14	2.3
756	2	3356	1	1	12	1.9
4557	2	511	0	5	6	3.7
2980	1	2476	0	2	2	1.8
8844	1	6006	0	1	27	2.7
6730	2	7432	0	2	26	3
2462	2	3270	0	1	18	1.4
7931	1	7201	1	3	5	1.7
3159	1	3476	1	3	9	1.6
3021	1	5309	0	5	8	2.8
3025	2	2700	0	2	18	2.5
6838	2	8108	1	2	6	1.9
5945	2	4179	0	4	7	2.7
6982	2	2899	0	1	22	1.5
2328	2	7898	0	3	8	2.4
1860	1	6252	0	4	16	2.4
7126	2	2152	0	1	18	1.1
1976	2	2240	1	2	6	2.1
7074	2	3592	0	1	13	2
8574	2	7374	0	0	12	1
4039	2	1411	0	3	15	3.2
401	2	8973	0	4	27	1.95
1156	1	6846	1	0	26	1.7
4288	1	6132	1	1	4	1
4517	1	8063	0	2	8	2.1
126	2	8145	0	1	13	2.15
1292	1	7638	1	0	11	1.3
7663	1	2062	0	2	23	2.2
696	2	8021	1	3	12	2.1
1932	2	6717	0	1	7	2.25
6506	2	3432	0	3	23	2.9
1993	1	2700	0	4	23	2.8
7704	2	3914	0	2	25	2.2
121	1	5314	0	5	4	1.6
8447	2	995	0	1	18	1.3
3001	1	3514	0	1	21	1.5
2020	1	8810	0	2	6	2
6475	1	4034	0	5	9	1.5
6132	1	2476	0	2	16	2.4
3604	1	4000	1	1	3	1.7
2453	2	382	0	4	9	1.8
4781	1	7541	1	2	5	2.3
3366	1	7956	0	2	18	2.3
2258	1	3048	0	1	3	1.6
2563	1	3289	0	1	27	1.3
51	2	7068	0	0	3	1.2
6831	1	3682	0	2	21	2.5
384	2	2240	1	2	6	1.9
4898	2	6353	0	2	14	1.1
1380	2	1568	0	1	5	1.5
5374	1	6161	1	2	6	1.4
5007	1	6555	0	1	13	2.1
3327	1	1760	0	1	15	2.5
5579	2	795	0	2	16	2.8
8356	1	2857	1	0	17	1.7
2440	1	772	0	1	15	2.6
1482	1	3766	0	1	20	2.4
7577	1	5879	0	2	2	1.4
7153	2	4822	1	1	3	2
5879	1	8321	0	2	25	2.1
7637	1	7448	1	1	11	1.1
3256	1	8281	0	5	27	3.5
3231	2	8600	1	2	16	2.7
3564	1	5110	0	3	15	2.55
8686	2	8958	0	1	20	2.4
3578	1	4085	0	2	2	1.9
3292	2	2597	0	0	24	0.9
4673	1	4328	0	1	29	2.5
3566	2	5239	0	0	17	2.3
3532	1	1916	0	2	20	2
7222	1	1916	1	2	5	1.9
591	2	8788	0	2	6	2.4
5630	1	104	0	3	7	2
3847	1	3747	0	2	27	2.65
8456	2	3594	0	3	27	3.2
3870	2	901	0	2	11	2.3
6585	1	5296	0	2	12	2.9
1691	2	1107	0	2	18	1.4
2934	1	3594	0	0	26	1.9
4457	1	3476	0	3	15	2.45
254	1	4192	1	2	16	1.6
3229	1	1783	1	1	2	1.5
3936	1	3483	0	5	12	1.55
2420	2	6325	0	2	15	2.5
6860	1	3333	0	2	5	2.1
260	1	7519	0	3	4	1.75
8734	1	1622	0	0	21	1.8
8020	2	1288	0	3	22	3.2
3998	1	2537	0	1	25	2.7
5056	2	335	0	2	8	2.9
2983	2	906	0	0	17	1.3
7482	2	3948	0	0	21	0.6
8369	2	1622	1	2	20	2.1
3332	1	1969	0	1	13	2.6
3264	2	8364	0	2	22	2.9
8180	1	2966	0	1	11	2.7
1535	2	2240	1	2	23	2
648	1	6441	0	2	9	1.6
4835	1	8533	0	2	8	1.65
4499	1	4251	0	1	27	2.225
1896	2	8345	1	1	9	2
9012	1	3356	0	2	27	1.45
6474	2	8108	1	1	29	2.1
1992	2	5422	0	1	5	1.4
3943	2	6755	1	1	6	2
2413	1	8841	0	3	16	2
8737	2	331	0	3	7	1.9
7157	2	1375	0	2	5	2.7
6796	2	8345	0	2	26	2.4
5649	2	37	0	1	5	2.3
2451	1	8082	0	1	14	1.2
2405	1	515	0	3	23	2.2
5154	1	4927	1	3	12	1.55
2262	1	3366	0	4	22	2.5
8806	1	4827	1	4	8	1.9
5401	2	6768	1	1	26	2.3
7679	2	8970	0	2	8	2.45
5009	1	8712	0	2	5	2.1
4041	1	398	1	3	22	1.5
2476	1	5642	0	2	25	2.4
6337	2	5503	0	2	12	2.7
4520	2	2656	0	4	4	2.35
2487	2	6102	0	2	16	2.9
8932	1	5751	0	3	7	2.7
3874	1	745	0	2	2	1.3
6444	2	4715	0	0	29	2.5
1800	2	2913	0	3	6	2.9
6637	1	1456	0	1	9	2.45
215	1	1576	1	1	23	1.8
3663	2	2240	0	2	2	2
6293	2	6846	1	0	26	2.2
5143	1	8600	1	2	22	1.5
1997	2	5220	0	2	12	2.9
4567	2	6850	1	1	29	2.1
997	1	2945	0	2	12	0.95
5517	2	2974	1	2	26	2.5
5280	2	4552	0	0	4	0.7
4935	1	668	0	2	16	3.2
6807	2	5516	0	2	12	2.5
3764	2	2839	0	2	7	2.3
7448	1	6792	0	2	5	2.1
3177	2	3267	0	1	29	3.4
5646	1	1107	0	2	20	1.6
1028	2	4426	0	1	4	2
7374	1	6299	0	1	26	2.5
749	2	6132	1	5	12	1.8
5466	1	6477	0	3	7	1.75
2585	2	7956	0	3	5	1.7
2211	1	2186	0	3	9	1.05
7536	1	3111	0	3	27	2.9
3258	1	582	0	2	11	2.6
1304	2	7075	0	1	29	1.8
6659	2	801	0	1	11	2.4
1827	2	3879	1	1	27	1.75
7148	2	2792	0	1	29	1.3
1634	1	2515	0	4	4	1.7
143	2	6846	0	3	9	2.25
510	2	7034	0	2	18	1.5
7182	2	5499	1	3	27	1.6
6968	2	8896	0	3	15	2.25
439	1	5642	0	0	17	1.9
8519	1	556	1	3	18	1.5
4114	1	8145	0	1	27	2.55
6386	1	1814	0	1	2	1.2
3491	1	8567	0	3	6	3.3
283	1	2173	0	5	7	1.1
5372	1	3986	1	3	23	1.8
4386	2	3366	0	2	16	1.7
3427	2	3137	0	2	5	2
6222	1	450	0	4	8	1.8
8414	2	2769	0	1	8	1.2
4401	2	1142	0	1	29	2.9
8870	1	2635	0	1	27	1.35
5136	1	3594	0	1	12	2.1
2835	2	2452	0	5	4	2.15
2373	2	351	0	1	13	2.4
7862	1	8293	1	2	7	2.2
4339	2	5935	0	4	13	3.2
1584	2	1793	0	1	2	1.1
3114	2	6441	0	2	13	2.25
6902	2	5879	0	2	5	2.2
2485	2	9021	1	4	15	1.7
4816	2	5580	1	1	9	1.15
6110	1	3137	0	3	23	3.1
5381	2	3558	0	4	15	2.8
6212	2	3356	1	2	4	1.2
5247	1	6001	0	3	22	2.3
5459	2	6027	1	3	6	2.1
6216	1	8560	1	1	8	1.35
7936	2	8108	1	2	6	2.4
6719	2	5879	0	2	18	3
8671	1	1015	1	1	14	1.1
8295	2	8605	0	1	8	2.6
1600	2	1195	0	1	20	3.3
3924	2	7268	0	2	9	2
7054	1	1372	0	2	5	1.6
5686	1	7931	0	2	11	2.7
5278	2	7374	0	1	15	3.2
2392	1	844	0	1	6	2.1
3706	1	8732	0	5	13	1.75
945	1	2780	1	2	2	1.2
7274	2	7813	0	4	8	1.55
8995	1	3364	0	2	22	2.6
7942	1	8746	0	2	7	2
3915	2	668	0	1	22	2.7
3831	2	64	1	2	11	1.5
2028	2	6102	0	2	5	3
6984	1	2741	0	1	29	2.7
6937	1	7956	1	2	16	1.5
1850	2	745	1	2	26	1.9
35	2	7716	0	0	15	1.1
1103	1	4256	0	0	11	2.2
1848	1	3839	0	1	15	2.6
7097	1	4521	0	1	21	1.5
4029	1	5900	0	2	12	3.1
1823	2	1321	0	0	5	1
6299	1	8901	0	2	7	2.8
2502	2	2004	0	0	9	2.65
6117	2	556	0	2	2	2.8
840	1	7842	0	2	16	2.5
6292	2	6778	0	3	23	3.2
5177	1	1037	1	1	9	1.85
3937	1	5815	0	3	15	2.5
4455	1	3971	0	2	9	2.35
7921	1	1544	0	2	15	1.7
7790	1	3785	1	1	26	1.7
8505	2	7221	0	2	6	1.5
8465	2	1372	0	2	3	1.2
7532	1	7780	0	0	23	1.9
5808	2	442	0	2	22	1.7
1546	2	4538	0	3	15	2.8
2564	2	339	0	2	6	2.4
4714	1	229	0	5	9	2.6
1046	2	5169	1	1	26	0.75
8479	1	4820	1	1	29	1.6
5545	1	1900	1	0	20	1.6
7841	2	4031	0	4	22	2.8
8237	1	6214	0	3	18	1.7
5458	1	3689	0	3	15	2.5
3093	2	8293	1	3	23	1.7
4540	1	6516	0	2	22	1.3
9013	1	3082	0	2	13	2.4
3228	2	2306	0	2	12	2.4
2993	2	2113	0	2	22	1.4
8348	1	7510	0	2	11	2.4
4107	2	5673	0	1	11	2.6
5394	2	3376	0	1	11	2.7
5119	1	2665	0	3	6	2.8
1118	2	8526	0	3	9	2.45
4235	1	1760	0	2	13	2.15
5627	1	8268	0	1	27	1.35
3810	1	6768	1	1	26	1.9
3080	1	8082	0	2	7	2
3871	1	3994	0	2	16	2.5
58	2	5815	0	2	13	2.5
5505	1	6765	0	4	2	1.7
5609	2	5920	0	2	8	2.25
3678	2	2537	0	0	17	2.6
5904	2	8504	1	0	8	1.25
2151	2	8361	0	1	12	1.1
5843	2	8841	1	3	18	1.2
2342	2	8293	1	2	22	2.6
2245	1	2506	0	3	4	2.45
6419	2	1142	0	2	6	2.4
1620	2	2253	0	2	16	3.1
2428	1	2969	0	2	12	2.25
7299	2	8037	0	2	27	2.2
3782	1	4517	0	4	27	2.5
7797	1	5881	0	2	22	3
6370	1	7596	0	3	22	2.2
4734	1	7432	0	1	4	1.4
8440	2	2980	0	4	14	1.9
1257	1	6300	0	5	6	3.2
4824	1	745	1	2	7	1.8
1422	2	7499	0	1	23	2.5
5033	1	1705	0	3	9	2.2
2155	1	7537	0	5	7	2.6
1866	2	3698	0	0	4	1.55
2682	1	1142	0	1	17	2.7
6647	1	2980	0	3	22	1.9
7055	1	613	0	1	27	0.95
900	1	970	0	4	11	1.8
2253	1	7541	0	3	23	3.9
6836	1	3054	0	3	12	2.8
3092	1	2968	0	3	27	2.6
2381	2	8093	0	2	29	1.2
7849	2	17	1	0	17	1.5
914	2	1783	0	2	6	3.2
6548	1	3958	1	5	14	1.9
8700	2	556	0	3	25	1.8
3052	2	3986	0	1	2	2
7216	2	5529	0	3	14	2.5
5013	1	8980	0	2	15	2.4
1582	2	1398	0	2	26	1.9
6069	1	3843	0	1	9	2.5
5800	1	1696	0	2	13	1.85
5099	1	3668	0	2	11	2.3
4478	2	263	0	5	14	2.5
7251	1	1833	0	2	27	2.25
627	2	2963	0	5	3	3.1
8636	2	7327	1	3	9	2.1
5184	1	7636	1	2	22	1.6
3460	2	7327	0	2	8	3
4783	1	3926	0	2	22	2.3
5390	2	970	0	4	7	2.9
740	2	552	1	2	5	2.1
2812	1	5227	0	1	29	2.4
769	2	7636	0	3	7	2.7
8261	1	6106	0	2	7	2.4
6524	2	6765	0	2	18	2.7
7745	2	3840	1	1	4	0.95
2234	2	5436	0	2	26	3.1
8367	1	8740	0	3	14	2.2
4793	2	1505	1	5	9	1.9
8194	1	1195	0	0	17	2.3
4232	2	4167	0	1	26	2.2
5761	2	6765	0	2	16	3
9004	2	2968	0	2	13	2.15
3265	2	1241	0	2	27	1.6
6972	2	7751	0	2	18	2
4413	1	4347	0	2	11	1.9
4628	2	6843	0	1	27	2.45
7568	1	4552	0	1	27	2
4873	2	4538	0	1	13	2
4549	2	1143	0	3	15	2.75
1671	2	8316	0	1	7	2.45
7967	1	4783	0	5	12	2.8
645	2	6520	0	1	8	2.1
7449	2	8164	0	2	11	1.5
2718	1	3328	0	0	27	1.35
4823	1	339	0	1	29	2.3
7786	2	5006	0	3	6	2.2
4915	1	5565	0	3	15	2.4
7911	1	2467	1	0	12	1.7
6812	2	5181	0	1	27	1.05
4440	1	3986	1	2	6	1.4
2111	2	8361	0	2	15	2.25
470	2	8202	0	1	13	2.4
8738	1	6516	0	1	14	2.5
1011	2	3483	1	2	15	1.95
5531	2	3983	0	2	3	2.6
720	2	335	0	3	9	1.75
2737	2	7751	0	2	11	2.1
4302	1	339	0	1	20	2.4
2769	1	5108	1	2	26	1.8
6362	1	7219	0	5	12	2.1
6115	2	8021	0	2	13	2.8
2090	2	4426	0	2	12	2.9
5108	1	3926	0	2	2	2
3622	2	2476	0	2	11	2.8
2887	2	5410	0	5	7	3.9
7198	2	6215	1	1	16	2.6
1995	2	2839	0	1	14	2.1
2302	2	6208	0	1	15	2.9
5842	1	4871	1	3	6	2.5
5314	1	692	0	1	5	2
5587	2	3707	0	1	29	2.6
8776	1	3227	0	4	12	1.6
1519	2	6159	1	4	12	1.8
4888	1	3483	0	4	27	2.65
4381	2	5499	1	5	9	1.65
1725	1	4935	0	1	26	2.6
6748	2	3948	0	0	29	1.9
2975	1	1647	0	2	4	2.2
1962	1	2682	1	2	3	1.8
3076	2	4246	0	2	9	2.45
7822	2	4735	0	4	12	1.95
7275	1	6768	1	5	13	1.7
5812	1	5314	0	2	23	1.1
6723	1	2467	1	2	13	1.8
8946	1	3483	0	3	9	2.7
5049	1	4347	0	1	18	0.8
7713	1	8913	1	3	7	1.3
6727	2	5503	1	1	13	2
1548	2	5981	0	0	8	2.2
3863	2	3840	1	5	12	1.6
1288	1	2913	1	1	3	1.7
8361	1	8341	0	3	26	2.9
5452	2	2704	0	1	12	1.35
7101	2	3594	0	1	15	2.4
4579	2	2545	0	3	25	2.9
1438	2	8234	0	1	11	2.5
7943	2	795	0	1	11	2.4
162	1	64	1	2	2	1.4
3511	2	2980	1	1	7	1.5
7219	1	8732	0	4	4	2.4
409	2	2899	1	2	4	1.7
4775	2	1576	0	2	6	1.3
8208	1	3227	0	1	15	2.2
1138	2	2700	0	2	22	2.8
4576	2	5675	1	2	18	1.6
1321	1	1529	0	4	6	3.7
4916	2	3832	1	2	23	2.2
3345	2	6026	1	4	23	1.7
1899	1	9023	0	1	7	2.6
3581	1	8692	1	5	11	2.2
2819	1	52	1	1	12	1.45
599	1	1607	0	1	20	3
4843	2	7642	0	2	14	2.3
6675	2	1042	0	0	17	1.8
2216	2	6132	1	5	12	2.5
2319	2	7355	0	1	5	1.7
3318	2	3376	1	1	22	1.5
6632	2	5895	1	4	8	1.45
1549	2	8692	0	2	2	1.5
3455	2	5550	0	1	2	1
1	1	3333	0	2	18	2.3
1496	2	6110	0	1	18	0.9
2635	1	5928	0	2	4	2.15
4903	1	1199	0	2	20	1.2
4978	2	916	0	1	2	1.4
6661	2	7664	0	5	9	1.5
8500	1	7434	0	2	25	1.5
4677	1	3874	0	2	7	2.8
3521	2	64	1	2	7	1.85
2399	2	7710	0	2	25	2.1
5729	2	3659	0	2	16	3.2
6307	2	2186	1	5	15	1.75
4044	2	8111	1	1	11	1.9
2604	1	7219	0	5	9	2.35
7971	2	6520	0	2	12	2.4
8202	1	75	0	1	26	2
1474	2	8865	1	2	20	2.3
3095	2	3785	0	2	15	2.5
1024	1	8712	0	2	2	2.4
157	2	487	0	1	20	2.6
2314	2	7908	0	1	11	2
5453	2	2665	0	1	29	2.6
6946	1	4000	1	2	6	2.2
876	2	4836	0	2	18	2.8
4523	1	8037	0	3	9	1.975
108	1	3668	0	2	16	3
918	1	1705	0	1	13	2.45
7179	2	8200	1	1	6	1.9
2764	2	4506	0	1	3	2.7
4699	1	7202	0	3	22	2.1
4849	2	2741	0	1	20	3.2
6210	1	3994	1	3	12	1.8
2921	2	6027	0	2	5	2.8
8996	2	3747	0	1	13	3
7544	2	8560	1	1	8	1.15
7068	1	1622	1	2	25	1.4
4169	2	2272	0	2	27	1.9
2017	2	4781	0	3	23	2
609	2	1949	0	5	4	2.2
8994	2	2780	1	2	11	1.5
7707	2	6516	0	2	11	2.8
5044	1	5193	1	3	6	1.5
1037	1	8901	0	1	14	2.9
3586	1	5959	1	1	11	1.7
1342	1	5881	1	2	7	1.9
1205	1	5895	1	0	26	1.6
8292	1	5550	1	2	11	1.1
7499	1	1375	0	0	29	2.7
1136	1	6831	0	2	6	2.7
2219	2	125	0	3	15	3
5559	2	5419	0	0	17	2.3
1983	1	3270	0	2	2	1.7
7821	1	6158	0	2	2	1.7
521	2	2113	0	2	9	1.8
6011	1	1042	1	1	29	1.2
815	1	745	1	3	22	1.6
4428	2	3994	0	2	22	2.6
5395	2	6637	0	0	27	1.2
5955	2	3416	1	4	12	1.5
5039	2	4167	0	3	7	2.8
3499	1	2070	0	2	2	1.7
8790	2	2700	0	2	6	1.3
544	2	5881	1	5	14	1.8
5469	1	4820	0	2	21	1.8
6489	1	1515	0	1	26	3
8986	1	6647	1	3	12	1.95
220	2	1221	0	2	16	3.3
841	2	3668	0	0	5	1.7
4224	2	4265	0	3	15	2.7
857	2	8063	0	1	9	2.35
810	1	6768	1	0	9	1.5
1833	1	8249	0	1	26	2.8
8088	2	1107	1	3	23	2.6
8885	1	7642	1	1	13	1.5
3749	2	1260	0	4	23	4
2727	2	442	0	2	4	3
6165	1	7222	0	3	16	2.6
3397	2	7024	0	4	11	2
6401	2	7421	1	2	20	2.8
8972	1	8729	0	2	2	2.1
9	2	8732	0	2	11	1.7
3048	1	6858	0	2	25	2.8
6240	2	1962	0	2	6	1.3
5902	2	6161	1	3	2	1.5
1252	2	7339	0	1	29	1.7
4871	1	6858	0	0	20	2.7
2518	2	5675	1	2	18	1.5
33	2	6792	1	1	21	1.1
3799	1	8685	0	2	4	3.1
8174	2	6505	0	3	15	2.25
4252	1	6647	0	3	4	2.15
888	1	4854	0	2	14	2.7
6009	1	695	0	2	18	1.8
4196	2	8605	0	2	26	3
7982	2	7931	0	2	2	2.1
6765	1	7434	1	1	3	2.4
473	2	8108	1	2	25	1.4
7699	1	1085	1	2	11	1.3
8363	2	8341	1	0	24	0.8
1031	2	1814	0	2	11	2
406	1	1725	0	1	27	2.95
2861	1	1107	1	3	23	2.1
2176	2	516	1	2	13	2.1
2495	2	3137	0	1	22	2.7
2045	1	6476	1	2	24	0.8
1347	1	5935	0	2	26	1.8
8311	2	5815	0	3	26	1.9
3232	2	5631	0	1	26	2.2
5245	2	3754	0	3	12	2.5
7517	2	6102	0	1	29	2.5
7118	2	1829	0	5	13	2.8
5575	2	7779	1	2	22	1.8
6215	1	5440	0	2	3	3.1
8395	2	6831	0	1	29	1.8
2318	2	8835	0	2	21	1.6
6808	2	5436	1	2	13	2.25
6975	2	1576	1	1	23	1.6
7140	1	6161	0	3	5	1.7
4208	2	2548	0	1	27	1.7
6383	1	3054	0	1	8	2
3542	2	3971	1	2	27	1.8
7688	1	7068	0	2	6	2
7939	1	2070	0	1	18	1.6
7355	1	8200	0	1	3	2
4999	1	8605	0	1	15	2.6
3850	2	1607	0	1	21	2.7
3735	1	7424	0	0	23	2.3
4583	1	2934	0	2	13	2.55
2136	2	8901	0	2	4	3
4885	2	351	0	2	26	3.4
3993	2	2704	0	2	15	2.55
153	1	5436	0	2	12	3
8852	1	3879	1	5	9	1.55
5672	2	6335	0	1	29	2
752	2	1107	0	4	22	2.4
91	2	6792	0	1	20	3.3
5291	1	556	0	1	29	2.2
3421	2	1846	0	2	26	2.3
1586	2	5314	0	2	12	1.6
2316	2	6831	0	2	5	2.9
8368	1	968	0	4	9	1.45
1571	1	4820	0	2	6	2
4306	1	8841	0	4	23	2
2297	2	5314	1	2	11	1.2
6103	1	8841	1	3	18	1.3
4609	1	5357	0	2	27	2.65
40	2	2966	0	0	12	2.7
7789	2	3994	1	4	14	1.9
1052	2	5859	0	0	27	0.7
1989	2	2899	0	2	14	2.4
5930	2	1568	0	5	14	1.4
5234	2	1622	1	1	29	2.3
8807	2	3539	0	5	11	2.1
5496	1	3994	0	1	18	0.9
2052	1	476	0	2	23	2.4
311	1	6125	0	2	15	2.1
5360	2	2052	0	2	22	2.8
3078	2	1479	0	2	11	2.4
567	2	4715	1	0	20	2
4763	2	3082	0	4	9	2
5773	1	8321	0	2	5	2.5
3972	1	6849	0	1	2	1.7
7753	1	5287	0	2	18	1.8
4294	1	8495	0	3	29	2.5
8603	1	7861	0	2	9	2.25
5369	1	1983	0	2	7	2.3
8668	1	64	1	4	23	1.8
4880	1	2623	0	1	13	2.4
2786	1	2975	0	5	15	1.95
4160	2	465	1	1	18	1.7
1476	1	5673	1	2	22	1.5
3500	2	7618	0	2	25	3
6130	1	3994	0	0	26	2.6
6	1	4935	0	2	4	2.3
6960	2	6102	1	1	3	1.9
2364	2	1916	0	2	18	2.9
1164	1	6232	0	2	2	2.3
4085	1	2982	0	2	6	2.8
4299	1	4092	0	5	12	1.45
4798	1	6102	1	3	6	2
5951	2	125	0	2	26	0.75
7397	1	8108	1	1	5	1.6
4836	1	7613	1	1	20	2
2384	2	3270	1	2	16	2.7
5447	1	2839	0	4	22	2.5
8827	2	3834	0	2	2	2.8
2350	1	2250	1	3	23	1.4
5953	2	7813	0	3	15	2.55
3574	2	2839	0	2	16	2.2
