ID	MUMID	FATHER
1900	NA	NA
6549	NA	NA
1195	NA	NA
5585	NA	NA
6403	NA	NA
8209	NA	NA
6858	NA	NA
587	NA	NA
8669	NA	NA
1529	NA	NA
695	NA	NA
5638	NA	NA
1142	NA	NA
6778	NA	NA
2293	NA	NA
7541	NA	NA
3600	NA	NA
6348	NA	NA
2654	NA	NA
7583	NA	NA
8848	NA	NA
8634	NA	NA
3914	NA	NA
2537	NA	NA
6776	NA	NA
5797	NA	NA
4506	NA	NA
4049	NA	NA
3214	NA	NA
906	NA	NA
4715	NA	NA
1654	NA	NA
5576	NA	NA
3983	NA	NA
7613	NA	NA
6850	NA	NA
3018	NA	NA
1042	NA	NA
5419	NA	NA
9056	NA	NA
8865	NA	NA
7950	NA	NA
1593	NA	NA
5744	NA	NA
366	NA	NA
8182	NA	NA
986	NA	NA
1510	NA	NA
861	NA	NA
4230	NA	NA
17	NA	NA
6621	NA	NA
5262	NA	NA
2913	NA	NA
5642	NA	NA
8944	NA	NA
2857	NA	NA
1540	NA	NA
7686	NA	NA
3846	NA	NA
5239	NA	NA
8866	NA	NA
7991	NA	NA
7780	NA	NA
6365	NA	NA
6027	NA	NA
6182	NA	NA
7201	NA	NA
6400	NA	NA
1375	NA	NA
6300	NA	NA
3707	NA	NA
1334	NA	NA
4521	NA	NA
4412	NA	NA
8835	NA	NA
8836	NA	NA
3316	NA	NA
3644	NA	NA
4747	NA	NA
3027	NA	NA
6792	NA	NA
1207	NA	NA
3112	NA	NA
1607	NA	NA
4820	NA	NA
3514	NA	NA
3267	NA	NA
4558	NA	NA
3065	NA	NA
1353	NA	NA
240	NA	NA
3948	NA	NA
3464	NA	NA
2097	NA	NA
2457	NA	NA
4822	NA	NA
1622	NA	NA
3603	NA	NA
3682	NA	NA
3568	NA	NA
2741	NA	NA
1206	NA	NA
6271	NA	NA
4358	NA	NA
1107	NA	NA
5950	NA	NA
5227	NA	NA
7710	NA	NA
1781	NA	NA
2809	NA	NA
8654	NA	NA
2982	NA	NA
7122	NA	NA
4000	NA	NA
339	NA	NA
2545	NA	NA
4328	NA	NA
850	NA	NA
2708	NA	NA
5422	NA	NA
3559	NA	NA
6174	NA	NA
5193	NA	NA
3766	NA	NA
7421	NA	NA
5103	NA	NA
8971	NA	NA
7892	NA	NA
821	NA	NA
8060	NA	NA
1416	NA	NA
5059	NA	NA
8495	NA	NA
8158	NA	NA
1051	NA	NA
8137	NA	NA
8026	NA	NA
4204	NA	NA
8139	NA	NA
7417	NA	NA
1604	NA	NA
1692	NA	NA
1656	NA	NA
7814	NA	NA
7434	NA	NA
4805	NA	NA
2240	NA	NA
8108	NA	NA
3543	NA	NA
6974	NA	NA
7589	NA	NA
7618	NA	NA
8289	NA	NA
1372	NA	NA
7043	NA	NA
6557	NA	NA
3762	NA	NA
1260	NA	NA
37	NA	NA
5675	NA	NA
8754	NA	NA
9049	NA	NA
1650	NA	NA
515	NA	NA
5748	NA	NA
2926	NA	NA
2729	NA	NA
3333	NA	NA
4473	NA	NA
4410	NA	NA
6015	NA	NA
5831	NA	NA
4983	NA	NA
416	NA	NA
6849	NA	NA
1814	NA	NA
2690	NA	NA
1812	NA	NA
2306	NA	NA
4872	NA	NA
2697	NA	NA
4854	NA	NA
1015	NA	NA
398	NA	NA
3117	NA	NA
7024	NA	NA
4542	NA	NA
2432	NA	NA
3539	NA	NA
218	NA	NA
5895	NA	NA
6353	NA	NA
482	NA	NA
2935	NA	NA
5084	NA	NA
3958	NA	NA
5378	NA	NA
8746	NA	NA
7020	NA	NA
4514	NA	NA
1782	NA	NA
1949	NA	NA
7407	NA	NA
8021	NA	NA
8732	NA	NA
5689	NA	NA
5220	NA	NA
5752	NA	NA
2071	NA	NA
7159	NA	NA
5429	NA	NA
2317	NA	NA
2167	NA	NA
5625	NA	NA
5503	NA	NA
6520	NA	NA
6245	NA	NA
2968	NA	NA
7722	NA	NA
2061	NA	NA
6265	NA	NA
6503	NA	NA
4356	NA	NA
3594	NA	NA
3843	NA	NA
2069	NA	NA
8477	NA	NA
2255	NA	NA
8489	NA	NA
4492	NA	NA
7861	NA	NA
5648	NA	NA
7136	NA	NA
7483	NA	NA
7591	NA	NA
3252	NA	NA
6930	NA	NA
2098	NA	NA
2538	NA	NA
4265	NA	NA
4101	NA	NA
7912	NA	NA
4186	NA	NA
1355	NA	NA
7585	NA	NA
255	NA	NA
6389	NA	NA
117	NA	NA
1083	NA	NA
962	NA	NA
4942	NA	NA
36	NA	NA
3349	NA	NA
768	NA	NA
619	NA	NA
6620	NA	NA
7772	NA	NA
7010	NA	NA
6399	NA	NA
6235	NA	NA
5070	NA	NA
3541	NA	NA
5766	NA	NA
7212	NA	NA
2605	NA	NA
3890	NA	NA
7552	NA	NA
2174	NA	NA
2068	NA	NA
2626	NA	NA
4512	NA	NA
8328	NA	NA
2157	NA	NA
6486	NA	NA
1555	NA	NA
130	NA	NA
5892	NA	NA
1941	NA	NA
1229	NA	NA
990	NA	NA
843	NA	NA
655	NA	NA
5821	NA	NA
4869	NA	NA
1488	NA	NA
6195	NA	NA
1658	NA	NA
8144	NA	NA
5745	NA	NA
8254	NA	NA
3123	NA	NA
6264	NA	NA
221	NA	NA
6528	NA	NA
8162	NA	NA
7739	NA	NA
8225	NA	NA
712	NA	NA
624	NA	NA
8497	NA	NA
1863	NA	NA
6228	NA	NA
1175	NA	NA
449	NA	NA
205	NA	NA
6380	NA	NA
5231	NA	NA
7955	NA	NA
376	NA	NA
8124	NA	NA
7045	NA	NA
572	NA	NA
8530	NA	NA
3897	NA	NA
4864	NA	NA
4388	NA	NA
7064	NA	NA
4032	NA	NA
5283	NA	NA
3276	NA	NA
5684	NA	NA
4324	NA	NA
3859	NA	NA
6194	NA	NA
8916	NA	NA
3153	NA	NA
7531	NA	NA
8216	NA	NA
3379	NA	NA
11	NA	NA
1678	NA	NA
643	NA	NA
7744	NA	NA
6279	NA	NA
267	NA	NA
7683	NA	NA
3925	NA	NA
7865	NA	NA
4385	NA	NA
5509	NA	NA
7670	NA	NA
5837	NA	NA
5852	NA	NA
8691	NA	NA
1953	NA	NA
7904	NA	NA
486	NA	NA
7999	NA	NA
575	NA	NA
5582	NA	NA
2067	NA	NA
5754	NA	NA
4761	NA	NA
319	NA	NA
6119	NA	NA
1854	NA	NA
2182	NA	NA
7062	NA	NA
5522	NA	NA
8178	NA	NA
9037	NA	NA
5320	NA	NA
5629	NA	NA
5811	NA	NA
481	NA	NA
6404	NA	NA
8061	NA	NA
2557	NA	NA
383	NA	NA
3679	NA	NA
5275	NA	NA
7876	NA	NA
6181	NA	NA
4951	NA	NA
3642	NA	NA
2649	NA	NA
4317	NA	NA
5113	NA	NA
3077	NA	NA
6123	NA	NA
1514	NA	NA
4678	NA	NA
873	NA	NA
6993	NA	NA
8584	NA	NA
5373	NA	NA
5989	NA	NA
8498	NA	NA
2589	NA	NA
7183	NA	NA
2691	NA	NA
874	NA	NA
8749	NA	NA
8756	NA	NA
4421	NA	NA
5297	NA	NA
3461	NA	NA
8426	NA	NA
467	NA	NA
4456	NA	NA
8513	NA	NA
958	NA	NA
9051	NA	NA
30	NA	NA
8143	NA	NA
6478	NA	NA
8192	NA	NA
1408	NA	NA
374	NA	NA
3463	NA	NA
5708	NA	NA
7468	NA	NA
4702	NA	NA
5825	NA	NA
4249	NA	NA
2280	NA	NA
1404	NA	NA
3783	NA	NA
5967	NA	NA
8193	NA	NA
8326	NA	NA
1071	NA	NA
3250	NA	NA
6936	NA	NA
1032	NA	NA
6688	NA	NA
1526	NA	NA
2828	NA	NA
1979	NA	NA
5986	NA	NA
5699	NA	NA
2185	NA	NA
4322	NA	NA
6787	NA	NA
7916	NA	NA
8962	NA	NA
5321	NA	NA
8961	NA	NA
6098	NA	NA
6724	NA	NA
4395	NA	NA
4106	NA	NA
7104	NA	NA
6134	NA	NA
4161	NA	NA
3167	NA	NA
7039	NA	NA
7804	NA	NA
7612	NA	NA
69	NA	NA
2175	NA	NA
5867	NA	NA
2939	NA	NA
786	NA	NA
124	NA	NA
1202	NA	NA
7040	NA	NA
2108	NA	NA
6791	NA	NA
8025	NA	NA
1524	NA	NA
2830	NA	NA
3817	NA	NA
4138	NA	NA
3988	NA	NA
5116	NA	NA
8318	NA	NA
7006	NA	NA
181	NA	NA
3179	NA	NA
3969	NA	NA
4077	NA	NA
7951	NA	NA
2386	NA	NA
6314	NA	NA
3073	NA	NA
7435	NA	NA
4580	1900	NA
552	6549	NA
395	1195	NA
6102	5585	NA
7284	6403	NA
5494	8209	NA
1000	6858	NA
2894	587	NA
1055	8669	NA
6530	1529	NA
3350	695	NA
6584	5638	NA
2682	1142	NA
5488	6778	NA
7512	2293	NA
410	7541	NA
4296	3600	NA
6901	6348	NA
461	2654	NA
6361	7583	NA
5437	8848	NA
7112	8634	NA
7244	3914	NA
3678	2537	NA
1893	6776	NA
1376	5797	NA
1581	4506	NA
4142	4049	NA
1309	3214	NA
2983	906	NA
1738	4715	NA
5368	1654	NA
8251	5576	NA
4467	3983	NA
1657	1900	NA
6818	7613	NA
8194	1195	NA
7364	6850	NA
404	3018	NA
6675	1042	NA
5035	6403	NA
5559	5419	NA
8663	9056	NA
5916	8865	NA
1931	7950	NA
7765	8865	NA
1211	1593	NA
4233	5744	NA
4945	366	NA
1466	8182	NA
7923	986	NA
893	1510	NA
568	861	NA
9019	4230	NA
1050	17	NA
7849	17	NA
1264	6621	NA
2583	5262	NA
3129	2913	NA
439	5642	NA
7411	8944	NA
8872	2857	NA
8356	2857	NA
4809	1540	NA
8312	7686	NA
4606	3846	NA
3566	5239	NA
2154	8866	NA
3616	7991	NA
2207	7780	NA
8455	8866	NA
7081	986	NA
5972	986	NA
3402	2913	NA
105	6365	NA
1716	6027	NA
8958	6182	NA
7930	8848	NA
8919	8865	NA
6784	5419	NA
1623	7201	NA
360	6400	NA
2482	8669	NA
2814	1375	NA
7243	5239	NA
8707	7780	NA
5561	6300	NA
987	3707	NA
4316	1334	NA
6741	6621	NA
7097	4521	NA
1714	5262	NA
2792	1142	NA
4257	4412	NA
2851	3983	NA
2318	8835	NA
1198	8836	NA
6464	3316	NA
1021	3644	NA
4532	4747	NA
4742	3914	NA
1614	3027	NA
33	6792	NA
308	6792	NA
4105	6850	NA
6379	1207	NA
1199	2537	NA
7174	3112	NA
3850	1607	NA
4220	8182	NA
487	1900	NA
5469	4820	NA
3457	1042	NA
3001	3514	NA
2550	6778	NA
8481	3267	NA
1464	4049	NA
6028	695	NA
3259	6776	NA
7791	17	NA
6460	17	NA
8645	4558	NA
1126	3065	NA
7396	1353	NA
3482	240	NA
6726	6858	NA
7482	3948	NA
6018	2654	36
1552	5585	NA
5822	7991	NA
2321	1529	NA
1903	4506	NA
8415	587	NA
2168	3464	NA
8287	2097	NA
7371	2457	NA
7952	4822	NA
6610	2857	NA
8567	1510	NA
8766	7686	NA
8734	1622	NA
7339	3603	NA
6831	3682	NA
8307	3568	NA
1916	8866	NA
2665	2741	NA
8321	5642	NA
1274	2857	3349
5906	NA	768
556	NA	619
154	3316	6620
5850	3267	7772
6515	1206	NA
8185	6365	NA
7478	2457	NA
8369	1622	NA
668	1529	NA
427	NA	36
9017	6271	7010
2629	NA	3349
5440	587	3349
4956	NA	6399
7041	3846	36
43	8182	619
4271	NA	6399
1783	1375	NA
6755	NA	6235
3107	8669	NA
6335	8848	NA
5396	4358	NA
8830	6365	NA
5646	1107	NA
1090	6027	NA
5921	7613	NA
1952	8866	5070
6108	8866	NA
1600	1195	NA
2715	1042	NA
2459	1334	NA
2627	5950	NA
102	5227	NA
6076	6300	NA
4757	7710	NA
8347	1781	NA
479	3707	NA
6060	6300	NA
6163	3065	NA
4547	3983	NA
5820	2809	NA
5760	8654	NA
3313	5262	NA
3094	5262	NA
1709	2913	NA
804	2982	NA
2843	8835	NA
8028	7122	NA
4151	4000	7010
8792	4000	7010
599	1607	NA
6375	695	6399
7564	3514	7010
1235	6778	NA
3481	6850	NA
4020	7780	NA
4302	339	NA
6025	1900	NA
2013	8865	619
1474	8865	619
4463	4506	36
4555	3603	NA
3330	3948	619
8093	2545	NA
5535	4049	NA
91	6792	NA
6452	4328	619
6288	850	NA
4836	7613	3349
6911	4822	NA
3489	7541	NA
31	2708	NA
3046	1207	NA
2633	5642	NA
7611	5422	NA
8981	6621	NA
4871	6858	619
6687	240	NA
6790	NA	3541
8788	3559	5766
567	4715	7212
2675	5585	NA
4342	NA	7212
5008	3914	NA
4962	NA	2605
4989	NA	2605
8129	4412	NA
3991	2457	NA
6459	6174	36
4047	4820	NA
6563	2654	36
6950	5193	NA
2449	3027	NA
1482	3766	NA
615	4820	NA
6401	7421	619
4733	1510	NA
447	1353	6399
2817	5103	3890
8483	8971	NA
8472	7421	NA
3680	8836	6399
2510	2537	3349
8629	1622	6399
2353	7892	NA
1911	821	NA
3832	4715	7212
4551	6182	NA
4849	2741	NA
3732	8060	NA
6343	8182	NA
4648	1416	NA
6615	3983	NA
7499	1375	NA
5971	3846	NA
7155	2654	3541
7842	6400	6620
8717	2913	7552
8724	2457	NA
3503	3316	NA
3014	5059	3541
4294	8495	NA
8771	2457	NA
3938	4822	3349
8824	8158	7010
380	7710	NA
4919	5422	NA
4065	1206	NA
3556	850	NA
74	1051	NA
795	7613	2605
5412	5642	7772
3986	8848	2174
2812	5227	2068
2128	7780	2626
2466	5103	NA
2650	8137	NA
8479	4820	NA
2780	1607	NA
6984	2741	NA
3947	7421	2174
714	4049	7010
1618	2809	NA
6805	3644	6399
2474	1107	NA
2721	4820	NA
2713	1353	7010
8336	1353	NA
7388	339	NA
8538	8026	NA
3808	6778	NA
2148	3065	2605
2745	3514	36
4254	NA	4512
2771	4204	NA
362	8139	NA
5697	2982	NA
8795	1042	NA
6011	1042	NA
6756	1207	619
4460	3027	NA
8580	587	NA
854	7417	NA
4996	7417	NA
1836	5950	NA
6124	1604	NA
4908	6182	NA
6685	3603	NA
4823	339	NA
5587	3707	NA
2483	7892	NA
1119	8971	NA
6146	3559	3349
3787	3027	NA
7783	3707	NA
4567	6850	NA
6444	4715	8328
2332	6792	2157
563	2857	6486
3362	8835	7010
5590	3766	NA
2084	4506	NA
5868	4358	NA
6938	1692	NA
1054	1656	NA
2778	7814	NA
4401	1142	8328
5810	5193	NA
5080	1692	NA
7036	7991	NA
1228	240	619
5804	6858	NA
3756	6027	8328
4653	7434	1555
5824	8654	7772
7463	1334	NA
8683	6621	NA
2842	4805	NA
7738	3112	7010
8019	1529	7212
3470	8836	NA
6748	3948	1555
5234	1622	NA
4543	1622	NA
682	2545	130
1393	4412	2605
715	7541	1555
7028	2240	7010
5874	2240	7010
4673	4328	NA
7319	6271	5892
1440	2537	NA
6474	8108	1941
2156	695	NA
3192	695	7010
3177	3267	NA
8290	4000	NA
4480	4000	NA
5004	5585	NA
8903	8108	NA
7467	2654	NA
253	1781	NA
935	3316	NA
3515	3543	NA
4157	1107	NA
8417	695	NA
3758	4820	NA
7297	6027	NA
3016	6271	NA
1884	1607	NA
899	NA	5070
6158	8971	NA
8086	8848	NA
2399	7710	7552
2376	6850	2605
3921	1622	7010
976	4822	1229
8500	7434	NA
8968	4328	NA
3688	3983	130
844	6174	NA
5383	2240	NA
6177	1207	NA
5293	3846	NA
3895	6974	NA
3849	2913	NA
3048	6858	NA
7704	3914	3541
4579	2545	990
455	6027	NA
473	8108	NA
5601	8108	NA
8401	7589	NA
3716	850	NA
3174	4000	NA
6835	7780	NA
4057	NA	843
3500	7618	NA
1072	3065	NA
6161	7201	NA
4384	1375	3541
1303	8289	NA
8449	7541	619
3975	5422	NA
6777	4358	NA
7068	1622	NA
4276	4000	NA
3998	2537	NA
511	5193	7010
7840	2857	NA
5819	4506	8328
3926	8835	NA
2963	6300	NA
5621	3603	NA
8810	240	NA
2542	5103	NA
2048	4820	NA
7369	2654	NA
3376	6778	655
1926	6792	NA
8200	6271	5821
8427	1900	5892
7571	2982	NA
2724	1051	NA
3659	1529	NA
26	6621	NA
2105	8289	NA
7424	8669	1555
9042	6365	NA
7908	821	NA
2476	5642	NA
5938	NA	7010
2946	3603	NA
5153	3316	4869
1764	1051	1488
7261	2240	843
8465	1372	NA
2579	5193	NA
3710	NA	3541
8133	6792	6195
5287	3846	843
244	1107	NA
5795	1107	NA
7153	4822	NA
3439	1529	NA
3668	7541	NA
2700	6858	NA
8720	2537	843
525	7043	NA
8486	5193	NA
8226	3065	NA
1284	6778	NA
6273	1607	NA
7303	4822	7010
7779	695	NA
7221	7434	1658
96	2654	4869
6026	8848	7010
1576	1622	NA
6495	NA	1488
6765	7434	1658
3995	1142	NA
8364	695	NA
8341	NA	843
8234	2913	NA
8729	3948	NA
4130	NA	7010
7850	6621	NA
574	6557	1488
8965	6300	7010
2331	NA	8144
6226	8669	5745
7751	6365	NA
870	3762	8254
8841	4328	NA
8874	7814	NA
3525	6027	NA
7429	2545	NA
959	1781	NA
4773	6974	NA
4409	4820	NA
5829	3707	NA
6282	7892	NA
5474	3707	NA
1598	5103	NA
4896	7892	NA
1824	3603	NA
4436	6974	NA
3777	8289	NA
8633	8971	NA
8610	6271	NA
5527	339	NA
3604	4000	7010
1684	4000	NA
5342	8848	7010
2044	8108	1658
5191	8108	1658
437	6027	NA
938	2982	7010
7956	240	NA
5361	3762	8254
3533	1622	NA
5531	3983	NA
2177	5422	NA
1423	1900	NA
1499	7589	NA
2184	4358	NA
8873	1260	7010
8035	821	NA
1763	4049	3123
2764	4506	843
1568	8835	843
8659	3762	NA
1220	3948	NA
2897	6858	NA
1261	821	6264
7936	8108	4869
6838	8108	NA
1321	1529	NA
109	8669	NA
1257	6300	NA
4411	37	NA
1800	2913	843
7513	37	NA
662	6850	NA
5151	5103	NA
6946	4000	221
4085	2982	843
2103	6850	NA
1917	4822	NA
5427	4822	NA
1651	3983	6528
5643	4328	NA
8013	6557	NA
8256	8848	NA
3508	8848	NA
6232	1260	NA
5040	7541	NA
6214	5675	NA
3137	1607	NA
7852	2654	NA
7489	2654	NA
8812	3846	NA
6966	240	NA
6153	7201	843
4275	6778	NA
6706	7892	NA
2959	7892	NA
6419	1142	5892
8398	7710	NA
2062	7710	NA
2226	8754	NA
8541	2537	843
5483	2545	NA
5167	1622	NA
7937	7780	NA
3423	2545	NA
328	1900	NA
2971	5422	NA
2078	3065	NA
6830	3707	NA
603	3707	NA
5691	1206	NA
5344	8754	NA
6454	4000	6528
1976	2240	NA
8015	5193	NA
5044	5193	NA
4488	6792	NA
384	2240	NA
2863	1622	7010
1653	695	843
4599	695	843
4144	1781	NA
3171	6621	8162
5459	6027	NA
4626	9049	NA
3386	1372	NA
1307	7434	NA
908	7618	NA
3015	2857	843
2564	339	NA
1571	4820	NA
2921	6027	7739
3957	3603	NA
2966	3914	NA
6876	4049	NA
3634	8289	NA
3236	8289	NA
541	8835	NA
7373	3603	NA
6295	2545	NA
3075	3514	221
1992	5422	NA
6577	8835	NA
1864	7434	NA
7066	1650	NA
5115	6858	NA
2919	6858	NA
5092	6557	NA
4627	6557	NA
344	9049	NA
6033	7201	NA
571	8108	NA
7397	8108	NA
1498	8754	NA
6601	4000	NA
5266	515	NA
6959	4000	NA
5649	37	8225
5233	695	NA
7380	6621	712
27	2240	NA
5250	2982	NA
6507	7541	NA
4781	7541	NA
7054	1372	NA
3308	821	NA
937	339	NA
1966	5748	NA
1221	2240	NA
3834	5193	NA
2070	2926	NA
5470	1529	NA
6058	1206	NA
2116	2729	NA
3765	3983	NA
8357	4822	NA
2663	240	NA
6860	3333	NA
8600	1900	NA
1424	7710	1488
7931	7201	NA
4050	1107	NA
6428	1607	NA
7157	1375	NA
9040	4473	NA
7839	7780	NA
6547	3846	NA
7451	6858	624
140	1529	NA
3445	37	NA
8	1529	NA
1753	240	NA
1057	5193	NA
6437	5193	NA
5577	4473	NA
209	1375	NA
5550	2982	8497
2781	NA	1863
981	695	NA
5431	6027	NA
5164	6027	7010
7532	7780	NA
8411	1206	NA
6575	3914	NA
4262	8108	NA
2190	4822	NA
1328	4410	NA
2002	1607	NA
2607	7892	NA
149	6015	NA
5336	5748	NA
2450	9049	NA
4081	7710	NA
4813	7710	8497
6292	6778	7010
2701	7201	6228
8482	7434	NA
6978	7434	8497
7087	339	NA
1535	2240	8497
6600	2240	7010
762	8289	NA
6142	8289	NA
7528	6792	NA
7102	339	NA
2183	NA	4869
7110	1529	NA
7042	2729	NA
8082	9049	NA
5683	6778	712
6417	4410	NA
2801	5748	NA
1105	240	NA
6949	5831	NA
6917	6858	NA
5532	4983	NA
5407	6621	NA
765	NA	1175
3262	NA	449
6035	8289	NA
2359	4473	NA
6684	416	NA
7431	2729	NA
8279	NA	205
7238	7780	NA
6448	2982	NA
8939	NA	8497
3972	6849	NA
3869	NA	449
7298	1107	NA
3775	2926	NA
6386	1814	NA
3547	8289	NA
8115	8289	NA
3663	2240	NA
7213	2690	NA
4244	5748	NA
146	515	NA
8160	1812	NA
6834	6849	NA
3007	NA	449
706	2729	NA
3727	515	NA
1545	6858	NA
1639	NA	6380
8453	NA	5231
2082	NA	1488
8625	2306	NA
5644	NA	449
3512	6015	NA
347	NA	7955
6330	2240	376
4969	1814	NA
4167	1260	NA
729	4872	NA
457	4872	NA
4090	NA	712
805	2697	NA
8849	2697	NA
5337	4854	8124
8926	1015	NA
6377	5831	NA
1722	NA	376
2324	NA	7045
8757	NA	572
4041	398	5231
999	398	5231
188	416	NA
5402	4872	NA
7318	1260	NA
6542	NA	8530
1742	NA	3897
752	1107	4864
67	2729	4388
8166	6015	NA
1117	6849	7064
7480	NA	7045
3241	NA	7045
3896	NA	4032
5538	4854	NA
5934	3117	NA
2100	NA	5283
3397	7024	NA
933	416	5231
1031	1814	3276
3671	515	8530
6887	4542	NA
5123	6849	NA
6085	2432	NA
4231	5748	NA
3624	NA	5684
7837	5831	NA
8807	3539	NA
8255	NA	4324
4985	218	NA
7338	1814	NA
2144	2697	4032
6139	2306	3897
2401	5895	NA
8671	1015	NA
4898	6353	NA
7432	482	NA
3401	2935	NA
888	4854	3859
3498	5084	NA
657	3958	NA
6548	3958	NA
7856	5378	NA
7802	8746	NA
6346	6015	4864
4094	NA	4324
6382	2697	NA
1935	2697	NA
3665	482	NA
1790	5084	6194
7027	1814	NA
6107	7020	8916
2669	5895	3153
1001	6015	7531
7942	8746	NA
5793	4854	NA
3047	1015	NA
928	NA	3153
5284	NA	7531
6816	NA	8216
1265	NA	3379
7760	4514	NA
8119	NA	11
6767	NA	1678
3853	1782	NA
6694	NA	3379
3646	NA	643
7408	2697	7744
1227	2306	NA
939	2935	NA
2037	1949	NA
7851	7407	NA
5806	1782	NA
8322	2697	NA
8698	5378	NA
6721	NA	6279
7327	NA	267
4168	8021	NA
8301	NA	7683
7573	NA	11
597	NA	7683
1477	NA	643
6855	NA	3925
817	5895	NA
3996	5895	NA
2083	8732	NA
2826	4542	NA
1703	5689	NA
5901	5220	NA
2509	5752	NA
242	2071	NA
3928	6353	643
1756	416	NA
1002	5831	NA
3997	1015	NA
1888	1015	NA
500	NA	7531
357	7159	NA
2018	5429	NA
3538	1814	NA
1073	NA	7865
5935	4854	NA
7056	NA	643
4965	7020	NA
6391	5084	NA
6983	NA	6279
7602	NA	4385
1921	NA	5509
3964	NA	643
2532	NA	5684
6844	6015	NA
1427	3539	NA
7897	6849	NA
5948	2317	NA
2486	NA	3379
423	2167	NA
361	NA	7670
8171	5084	NA
3837	5220	11
4287	1814	NA
6616	1814	5837
3502	8021	NA
609	1949	NA
5183	2935	5852
6441	8021	NA
793	218	NA
1680	2306	NA
1802	5831	NA
3593	4542	NA
7057	5625	NA
1459	5752	NA
6253	2071	NA
2560	5503	NA
28	4514	NA
7415	5084	NA
4801	6520	NA
4907	5378	NA
8677	5378	NA
5148	4514	8691
5992	8746	NA
8976	4854	NA
3222	7020	NA
8744	NA	1953
2356	NA	7744
1302	NA	7904
129	NA	486
7498	NA	7999
1660	NA	7531
5001	NA	4324
3558	5895	NA
6747	NA	575
5525	218	NA
7185	7020	NA
6266	8021	NA
7733	4514	NA
8407	8732	NA
7762	8746	NA
4113	2306	NA
7439	2306	NA
7935	NA	1953
3648	6245	NA
1698	2317	NA
5097	1949	NA
8547	5084	NA
1696	6353	NA
4283	482	5582
7025	2968	2067
2866	7722	NA
8937	6245	NA
6759	NA	5754
5215	6353	NA
7279	NA	4761
8404	218	NA
6795	2071	NA
734	2061	NA
8413	6265	NA
1997	5220	7744
7988	5895	5837
1112	4514	7999
8044	4514	7999
7529	6503	5837
7135	4356	319
411	8746	6119
3228	2306	NA
7524	8021	NA
5136	3594	NA
10	3843	NA
5188	3539	5582
7530	2069	1854
7726	1814	NA
5688	5752	NA
924	8477	NA
2194	NA	575
5983	NA	7999
884	6245	2182
2847	4542	NA
2536	8021	NA
5285	5895	NA
8739	3539	NA
4641	1814	NA
1329	3594	7062
1490	6503	5522
822	NA	8178
5339	NA	9037
8223	2935	NA
5756	NA	5320
4707	2255	NA
7645	NA	5629
3812	NA	5811
5110	8489	4385
7934	5895	4385
3706	8732	8178
6742	5084	481
8723	3594	6404
4216	2317	NA
7113	NA	8061
7296	NA	7999
8051	NA	2557
6892	4492	NA
2442	NA	2182
6466	NA	7999
7046	NA	7062
3657	6503	383
6799	6503	NA
1721	2968	8178
1357	NA	3679
8603	7861	NA
8109	5648	NA
903	2069	NA
3803	7722	5275
5862	NA	9037
5778	8477	NA
8113	7136	NA
703	6503	NA
2549	7483	8061
1188	NA	7876
4127	NA	6181
5087	7591	4951
1060	6245	NA
8817	3252	3642
297	6930	NA
166	2098	7999
3057	2538	NA
5763	3843	9037
3373	4265	NA
6483	7861	NA
2541	4101	NA
2058	7912	NA
1040	4186	NA
8793	1355	NA
4573	2317	NA
1758	2317	NA
2423	NA	481
7794	6245	2649
1075	7585	NA
2850	7722	NA
2529	6503	NA
6310	NA	4317
1909	NA	5629
5765	2098	NA
200	NA	5811
4884	NA	5113
6250	3843	NA
4224	4265	NA
5861	395	NA
164	6102	NA
1509	552	NA
2199	6831	NA
7776	1264	NA
6700	7339	NA
3545	2814	NA
5012	2682	6486
4341	3457	NA
4903	1199	3349
3818	3112	6018
48	1198	NA
7283	8567	NA
8389	695	8919
3280	6464	NA
5545	1900	7371
3532	1916	NA
7075	4742	NA
5534	8321	NA
8359	987	NA
157	487	36
5536	5561	NA
4675	2792	7010
4638	552	36
459	6102	NA
8686	8958	NA
7230	1714	5892
5887	668	NA
3374	1783	NA
2818	8060	308
4596	43	NA
7148	2792	7552
1828	5008	NA
5391	1911	NA
8568	6108	NA
2507	4836	NA
530	4555	NA
2836	8734	NA
692	552	NA
3394	1274	NA
6908	2682	6235
1403	7564	NA
7793	8028	NA
2732	447	3077
2050	3457	NA
4516	1199	619
6022	1623	NA
8485	487	NA
8395	6831	3850
1386	5921	NA
5696	3832	NA
224	1090	NA
5481	1510	2482
8036	4302	NA
2381	8093	2605
8811	4463	NA
207	1264	NA
2987	6850	2482
8355	8321	619
1778	5561	NA
3520	6452	NA
3354	8981	NA
2269	6464	NA
699	1714	NA
7517	6102	NA
8551	2633	NA
5957	2814	NA
6589	987	NA
5196	4871	7010
8525	1235	NA
2797	8567	NA
5291	556	7212
5672	6335	NA
4607	8958	NA
5737	6375	NA
8753	599	NA
8264	1198	6399
1252	7339	NA
5453	2665	5892
8370	1916	NA
2163	8093	NA
5006	4836	655
1419	3986	NA
6039	8734	NA
42	2665	NA
8043	6102	6123
2753	4871	NA
7163	8567	NA
6840	7892	4956
7740	4302	NA
3902	9017	NA
8700	556	NA
316	8028	NA
4156	552	NA
5246	8019	NA
1185	2633	NA
580	1142	7174
6628	3832	NA
5879	8321	NA
4335	5008	NA
4349	2843	NA
1014	1916	NA
7816	7908	NA
425	552	5745
8598	5642	4956
1132	3998	1884
578	3659	NA
975	1142	427
3675	1375	7704
6260	7780	8369
7014	8567	NA
1962	2682	NA
8772	2682	1488
315	511	4271
5608	1206	8369
8332	8479	8369
8161	3986	1514
2258	3048	NA
6960	6102	1488
8555	8427	843
627	2963	NA
3697	43	843
5052	556	NA
7034	6174	4956
1288	2913	4271
3432	6102	NA
5325	795	4271
2134	6831	1658
1805	556	NA
5673	668	NA
6639	8500	NA
1637	5293	NA
2668	9017	NA
51	7068	NA
4153	1783	7010
6645	2780	8369
503	2843	7041
465	2476	NA
6215	5440	7704
8617	NA	5850
8742	844	NA
8293	2665	7010
6919	7499	427
476	3376	NA
4430	7840	8369
7355	8200	6528
6689	8788	5850
8712	NA	7041
8452	4836	NA
5028	4871	NA
6487	4871	NA
3472	8810	NA
3215	6850	1884
6451	715	NA
6979	3926	NA
4762	8321	NA
3893	4302	NA
4140	1916	NA
64	1916	427
4143	7842	NA
2230	6161	7010
6562	3832	1658
5119	2665	NA
2844	7779	NA
4326	556	NA
604	8364	NA
2597	5642	8369
431	556	4869
8719	4836	NA
2709	2780	4678
4557	511	7010
3910	8133	1884
564	1916	NA
7029	1107	427
7495	2682	NA
3491	8567	NA
914	1783	NA
4861	3986	NA
5832	6158	843
736	4871	1884
5842	4871	712
4440	3986	NA
6140	7499	NA
7844	9017	NA
8912	9017	NA
7124	1916	7041
8134	3668	NA
8183	7908	NA
1136	6831	873
8790	2700	NA
7688	7068	NA
4019	7840	NA
960	6557	899
4798	6102	NA
6629	6102	NA
6113	2476	843
4879	1375	7041
8072	795	NA
5817	6026	NA
7601	5287	NA
1366	8734	4956
5479	3048	NA
2398	7956	NA
5065	5938	NA
4775	1576	NA
7929	2629	NA
798	7424	NA
8423	5440	1884
6278	2780	NA
2559	552	NA
4669	5153	NA
34	1274	5850
1341	43	5070
3364	3316	7041
3912	3832	1488
2977	3710	NA
148	715	NA
6354	2963	NA
8335	2184	NA
4184	987	NA
2102	7261	NA
8505	7221	7704
161	7842	6993
7584	6174	2376
5894	3333	427
5374	6161	427
6745	3333	427
3437	3376	NA
7506	6792	8369
2382	6161	NA
5876	8321	NA
7179	8200	NA
5596	8200	NA
5426	8835	8369
3968	7434	3688
4619	6765	7704
5959	6027	1884
7684	3926	NA
4443	NA	8873
591	8788	6264
5878	1568	NA
5228	8289	427
3943	6755	NA
2392	844	NA
2020	8810	NA
1565	6755	7010
916	4871	NA
3196	552	2048
740	552	NA
7596	1260	5361
7095	NA	2376
867	556	NA
3686	1576	NA
6338	3926	NA
6916	8788	NA
2719	6026	NA
8834	8734	NA
3923	3015	NA
4347	2780	NA
75	NA	427
6331	NA	3533
7222	1916	NA
1085	8200	1926
3506	2665	NA
194	3316	1884
1645	556	8497
5776	4328	427
1074	1274	NA
7894	5287	1884
7214	7908	NA
2515	7842	NA
7387	715	7153
4082	8341	NA
5846	8729	NA
1823	1321	NA
5500	3048	NA
3699	7779	NA
1724	4488	NA
841	3668	NA
8993	6153	NA
4685	6232	NA
8647	7499	NA
6664	3659	8584
1380	1568	NA
6819	3376	NA
8695	5643	NA
3069	4871	NA
3876	6946	NA
3427	3137	NA
7290	6214	NA
4192	8200	NA
2522	6158	NA
4343	43	NA
2395	8810	NA
6580	5642	5850
8050	1916	NA
2585	7956	2376
3162	3986	4271
1363	2629	NA
3702	2700	NA
4076	2682	NA
8563	3832	7010
4135	7840	4271
7140	6161	873
4374	7424	NA
2497	6778	4271
2028	6102	1884
2742	7892	455
6257	795	843
6914	1783	NA
8618	668	NA
3801	2476	427
6500	7068	NA
2316	6831	NA
610	1571	6528
5650	8364	NA
7379	7221	NA
4256	6765	NA
5773	8321	7041
6384	5440	NA
4482	9017	NA
1993	2700	7303
5709	43	8497
2119	1783	5373
745	5675	473
570	1568	8369
5224	9040	7303
8689	6706	473
4306	8841	5373
7077	8234	NA
2787	8734	NA
5318	6858	8720
1048	43	5989
1479	2963	7303
7770	556	NA
3428	6849	8369
4692	2682	NA
2460	2682	NA
1786	7751	NA
8274	556	4869
7715	7908	NA
6252	2476	NA
1741	1321	2663
8088	1107	3995
2861	1107	1884
44	4328	574
4691	3659	NA
2195	3986	NA
4840	695	7303
4191	2665	1284
4360	2966	NA
5372	3986	NA
8894	795	NA
1224	4871	843
4679	4871	4869
8876	1257	NA
6435	8729	8498
1371	2665	7010
2628	6026	NA
2488	1274	NA
4234	NA	2331
8692	8341	2589
4102	7380	NA
2775	9017	NA
8333	8234	NA
1422	7499	NA
3173	2780	1884
4559	8600	NA
300	4836	NA
5295	5287	1884
4984	2629	NA
824	2780	NA
4031	8108	4956
3918	NA	4956
8310	NA	427
3458	2729	8720
6825	8541	NA
1340	NA	1884
7800	NA	3533
1785	NA	1284
8374	1571	NA
8342	3710	NA
3091	8427	NA
8856	8427	NA
6837	715	NA
8655	6158	NA
3739	8200	1884
7340	3926	1884
484	4626	7183
3345	6026	NA
1793	4085	6228
8376	8835	2177
4891	7956	5373
6975	1576	NA
215	1576	4869
901	6765	NA
8496	9017	4271
3735	7424	8254
3994	8364	427
373	8321	5373
2017	4781	2331
7638	1916	8497
8439	3333	7303
8997	3333	7303
4553	6621	7303
8740	8810	NA
6804	7779	7303
6110	3137	NA
784	8200	NA
5633	6792	4956
7881	3376	427
7663	2062	5373
1245	7068	NA
2776	3015	NA
4916	3832	NA
2652	668	NA
6717	6102	96
7030	6232	NA
13	6161	NA
2095	6214	NA
923	552	NA
3989	552	NA
4535	7840	NA
3956	3832	7303
331	7842	7303
3270	6946	NA
6009	695	8369
5843	8841	1884
590	7840	NA
8759	7931	1884
6103	8841	1884
8242	3846	473
2026	NA	1284
876	4836	1284
6501	1783	1284
3025	2700	1884
801	1274	1926
2276	3834	NA
7202	8321	NA
5066	9017	4869
5010	27	1284
8773	8341	NA
5213	43	NA
1115	3986	NA
7141	4822	7303
8519	556	NA
5770	556	8720
1141	2780	1284
7836	2780	NA
3696	43	NA
2870	668	NA
1779	5440	7303
8430	5440	NA
5433	2665	427
2811	6161	427
4400	2966	NA
5133	6831	427
2960	1321	NA
7939	2070	NA
5716	7840	NA
1682	7840	NA
2859	762	NA
8623	3834	NA
8125	8810	2691
5529	3926	NA
1942	4626	NA
3185	6026	NA
1739	3668	NA
4292	4781	NA
5956	1568	NA
4414	7201	1284
6524	6765	712
2680	7842	NA
685	8364	NA
8540	6232	1284
1412	1257	NA
298	7221	NA
8237	6214	NA
741	7499	874
6008	6946	8749
4476	8234	96
831	8234	8498
8657	515	8720
7433	7908	NA
9005	4871	NA
3366	7956	NA
2752	7434	8369
4576	5675	8720
957	795	473
8553	8729	NA
6972	7751	NA
7817	7779	NA
7719	7779	712
2364	1916	NA
3315	3015	NA
2160	1812	96
3667	6102	NA
5329	4085	473
6579	3659	8465
4618	3137	449
3294	2476	NA
7975	3376	NA
1405	2062	NA
8877	2926	4271
5801	1576	NA
7778	1576	8756
2452	NA	1284
7329	NA	7303
1425	NA	1884
3367	7373	NA
2463	8541	NA
1286	4836	1926
8103	2700	3276
889	4822	1884
8098	7499	96
7642	1260	473
1881	3659	NA
5410	3668	4271
4804	8082	NA
3786	9040	NA
3052	3986	NA
1200	8427	NA
8168	8234	7303
3229	1783	NA
6833	7956	NA
3455	5550	NA
922	7840	NA
3990	7221	NA
5501	1221	NA
2065	7842	1884
2886	1812	4271
1872	6161	8124
4666	3832	NA
3578	4085	NA
3499	2070	NA
2974	7956	4271
6516	8600	1884
2439	1568	1284
5505	6765	3533
5108	3926	NA
1757	4626	843
2113	4781	4869
5902	6161	8124
5970	5831	473
2274	2729	427
3867	5287	5231
5075	668	NA
945	2780	8659
5057	7751	NA
6148	1571	NA
415	7424	NA
6079	6026	NA
2961	140	1284
4380	2780	8659
2997	3137	843
6171	3015	5989
8416	8341	NA
8901	3376	5231
5190	2966	7303
6551	2966	843
7982	7931	1884
5663	1916	NA
2899	NA	1884
81	795	NA
3221	6831	NA
8972	8729	NA
8249	8364	NA
8372	1916	4869
3231	8600	1284
7697	4836	7045
1663	8600	1284
4887	3137	NA
4935	668	NA
3561	8729	NA
4247	27	NA
2487	6102	5231
8484	7779	NA
3661	3376	572
4096	6158	NA
6439	3834	NA
8858	1321	NA
1253	8341	NA
1683	2780	2921
8748	3986	4421
5897	4626	NA
8337	7221	NA
6937	7956	NA
2089	7956	7739
1579	1916	449
3584	1916	449
23	7424	7955
983	765	NA
840	7842	5297
7326	5550	NA
1945	3926	1284
5595	1257	NA
4546	2070	NA
2631	762	NA
5729	3659	NA
3518	1257	NA
5579	795	NA
6447	3015	NA
4129	762	NA
5761	6765	1284
4728	7840	1284
108	3668	NA
6246	146	NA
1846	2629	NA
5666	4085	2067
2829	8541	2663
9008	2629	NA
2057	556	6380
220	1221	NA
8685	6706	NA
2656	NA	1284
5313	1783	NA
4241	7751	NA
8241	6232	NA
6137	3376	NA
3318	3376	NA
7206	7751	NA
7384	1568	NA
3804	7424	1488
4994	8541	NA
8875	7931	NA
478	27	376
5448	5550	NA
6367	3015	NA
8358	1812	5250
6627	6158	NA
2447	3015	NA
5575	7779	376
6821	7779	NA
3613	3659	NA
2789	8600	NA
5143	8600	1284
2495	3137	2921
7732	8082	7744
7681	7842	NA
4783	3926	2663
4693	6161	4388
8309	7221	449
3965	3832	2921
4792	1568	1284
7234	668	NA
8431	1257	8530
3356	762	NA
2717	3832	2921
2239	4167	NA
6693	2780	NA
4630	2780	449
5126	1783	3276
8642	146	NA
5334	556	NA
1845	7373	NA
5900	7908	NA
1138	2700	NA
3329	7840	3461
5343	7840	NA
8970	2062	NA
8381	515	1284
3881	795	NA
7313	4626	NA
1867	8082	NA
4336	8541	NA
6880	7424	NA
3906	2070	NA
7134	2062	NA
4556	1221	NA
4289	5550	5297
8994	2780	4864
549	2780	NA
5099	3668	8426
169	8364	4864
7180	8364	4864
1326	1568	5231
5380	762	6380
3378	8082	NA
1940	5378	96
3311	4085	NA
7943	795	5297
4631	7451	8659
1438	8234	NA
2737	7751	NA
8199	6232	NA
2314	7908	NA
1789	7159	96
3622	2476	NA
5686	7931	NA
3630	7373	NA
4026	8341	8530
5995	3015	NA
1056	1783	NA
2824	6026	NA
1486	4626	NA
1674	4167	NA
8800	3137	NA
7824	4781	NA
5394	3376	NA
8180	2966	NA
1643	7842	467
2008	3926	NA
6739	NA	1764
6036	NA	8939
6626	2062	4456
4285	7751	NA
2162	4167	NA
2611	6765	5231
5298	6232	5231
6788	5550	NA
5930	1568	8513
7385	4085	NA
586	7373	NA
2658	4384	NA
7615	NA	2701
6733	140	NA
2451	8082	NA
7736	4781	NA
4426	7842	NA
7633	4781	5231
3857	8341	11
8196	7842	NA
1879	6346	NA
7972	3539	7157
4911	1568	NA
3036	140	8691
3111	4085	5684
3080	8082	NA
5039	4167	958
6164	5550	9051
2952	5550	NA
2846	6765	NA
4853	2966	NA
8605	2966	NA
1602	2062	NA
7011	NA	3869
2312	7942	NA
2493	7842	NA
3339	4167	NA
7644	5934	NA
1297	4781	NA
7877	2062	NA
4170	6026	NA
3700	8341	NA
8386	6058	NA
4070	8082	NA
8471	140	2669
5647	NA	7157
630	7760	643
7229	888	30
2725	7027	NA
8363	8341	NA
8536	6346	8143
6654	NA	3007
4621	6765	NA
9046	5895	3007
8283	8341	NA
7653	4167	NA
4016	2966	643
4734	7432	NA
748	140	NA
5376	7760	NA
4617	NA	6721
6730	7432	NA
7249	7760	NA
1456	1814	3869
7333	4781	NA
7409	3837	NA
6695	1073	NA
8361	8341	NA
1597	140	NA
1347	5935	1953
7288	5097	NA
934	7432	NA
4961	5084	3869
2073	8407	NA
1080	7760	NA
281	5934	6478
2622	255	3869
4375	1696	NA
257	7935	NA
40	2966	7865
5226	7185	NA
3608	4167	NA
4061	NA	1459
3152	NA	361
2320	NA	6721
2204	5935	4094
4300	4167	3502
3460	7327	1459
6961	7432	575
7394	1073	NA
7477	7027	1854
7080	3558	NA
4674	7760	8192
2036	7327	NA
5834	2356	1408
4766	7027	374
5800	1696	NA
1755	1073	NA
1039	7760	NA
709	3558	NA
4828	7057	NA
648	6441	NA
3598	8489	1302
1106	3558	NA
6786	8407	5275
2188	2356	481
5096	6389	1302
7547	2356	7876
5054	8407	374
3251	6441	8061
5564	2194	1302
5698	1696	5811
1493	8603	NA
6521	3558	NA
7428	3558	NA
2021	1073	3463
4056	5935	822
7677	1696	5811
3257	8489	1302
1226	8407	NA
4484	2356	8061
7181	6892	NA
4112	8603	5811
3023	5396	8389
6201	7230	NA
6576	5545	NA
7033	7776	NA
1304	7075	NA
3194	NA	5012
600	5879	NA
250	692	427
2250	5006	5708
6004	580	NA
1733	7230	NA
1315	7230	NA
1710	6840	8144
1019	425	NA
1059	4762	NA
45	465	NA
7786	5006	NA
3089	5879	7010
191	7816	2048
278	692	NA
4458	3472	NA
1635	6215	NA
5742	7355	NA
1279	6908	NA
5768	6908	NA
3883	8598	NA
6263	6689	8772
665	7014	NA
5732	64	NA
3050	6840	NA
6240	1962	6528
5851	2134	NA
6902	5879	NA
5314	692	712
1787	5325	NA
7995	NA	8423
7795	1288	8423
7636	5675	8423
3557	2780	6919
8768	5119	NA
7523	5006	NA
6708	1136	NA
7314	6215	NA
4737	5673	NA
5219	4762	NA
4420	465	NA
4100	6689	NA
7669	6645	NA
5408	476	NA
6958	4153	NA
5365	7584	NA
626	5959	NA
8097	3364	NA
110	3432	NA
5654	6645	NA
1606	1805	NA
1008	7844	NA
7448	6792	4140
2319	7355	NA
926	64	NA
9023	8293	843
8843	503	1884
5009	8712	NA
2152	3364	NA
8062	1805	2691
1065	8183	NA
2349	5959	NA
6873	3801	NA
672	7929	NA
3224	7506	NA
5018	5006	449
1986	465	5373
7273	4762	NA
759	5673	NA
582	6831	867
8111	5879	4271
4906	8712	6228
3687	503	1926
2142	4192	NA
8511	3162	NA
6154	1074	NA
8886	7222	NA
742	5006	449
359	2134	NA
6236	6257	NA
9035	2515	NA
6750	3196	NA
3233	6215	NA
6506	3432	3533
436	7596	NA
8352	5773	NA
2052	476	4271
2642	3506	1884
3749	1260	4156
8676	4482	8720
3218	1288	8369
910	692	6228
995	7684	2048
4764	7584	NA
6573	4153	1884
3093	8293	7303
8668	64	NA
7105	64	NA
2253	7541	4156
3119	8293	7303
2688	6384	7010
1471	6689	NA
2788	7355	NA
2405	515	315
5881	7221	4156
1095	NA	6919
6764	5479	NA
9036	3162	NA
7753	5287	3215
1798	6849	7387
4160	465	NA
2839	2629	6919
3894	4153	NA
292	901	8965
5049	4347	NA
3396	5959	NA
6775	7929	NA
2799	5006	NA
1691	1107	4984
5024	5006	NA
8339	4306	NA
1121	4482	NA
5486	6215	NA
3554	745	NA
5496	3994	NA
2352	4553	NA
2307	7355	NA
3748	7355	NA
2462	3270	NA
6553	5325	NA
7580	1085	NA
1496	6110	NA
1	3333	315
3	339	4156
3059	7584	315
2104	5673	NA
294	465	NA
7920	3832	4156
598	1074	712
2220	3432	1863
5572	6689	NA
510	7034	NA
1038	7684	4156
8248	75	NA
5566	6257	NA
7363	7506	NA
4662	1805	NA
6001	503	NA
7857	8293	NA
5997	5773	NA
2518	5675	4156
1325	7710	4156
4850	3364	8497
6016	6215	4156
808	1375	4156
4312	8293	NA
4901	2134	NA
8813	8712	7029
6879	8600	7379
2496	2515	4271
8446	1607	4156
1666	7222	2691
3714	1288	3215
3860	64	8497
7735	64	1284
4800	37	4156
5591	37	4156
6719	5879	NA
6111	NA	8618
2798	5959	NA
1948	37	7379
8198	1085	NA
5603	1783	4430
3467	1074	1284
2424	5006	6919
6673	NA	4234
2618	6717	4156
6453	6252	3533
4038	8274	3533
7604	7222	1284
4332	7596	96
7711	1074	1284
4978	916	NA
1584	1793	NA
7668	4306	NA
5830	3994	NA
1378	6110	NA
4079	3173	NA
561	4031	3533
8066	5318	NA
8141	7034	NA
377	8997	NA
1915	4256	NA
717	7638	NA
1295	7638	NA
7838	901	NA
4664	8740	NA
6129	4192	NA
3056	7140	NA
2249	1085	NA
7317	2134	2691
2980	2476	4156
1024	8712	712
7821	6158	4156
2092	6215	473
5693	6215	NA
3874	745	NA
8475	6706	4135
5606	1479	NA
7510	416	4343
1983	3270	427
535	8841	4343
1164	6232	4156
3778	6689	NA
6443	8293	8618
8316	4153	NA
4054	762	4156
1549	8692	NA
5669	7584	NA
6806	6257	NA
2467	7506	8563
2647	7506	1884
669	1274	2316
6117	556	4156
8136	692	NA
6665	3432	NA
442	2515	NA
835	4482	2663
8906	3506	NA
4391	4347	7303
183	331	6113
6059	64	473
162	64	473
5751	3432	5231
7278	1805	NA
7577	5879	1884
5891	465	1926
1472	503	NA
5617	1288	NA
8622	5773	NA
8271	3364	NA
7120	692	NA
970	331	5426
7171	8901	1863
134	6257	NA
7205	692	NA
1312	5318	7468
7460	3173	449
1860	6252	8513
1361	5108	NA
1240	8692	1863
3488	3376	3912
2079	8972	NA
607	7638	4156
7992	7638	4156
8173	3364	3675
3871	3994	1863
6653	4031	8530
6165	7222	3675
3067	4347	NA
2404	4482	1224
5641	4153	8563
6999	922	4156
2413	8841	5426
3633	4482	NA
9015	1286	NA
4043	8416	1764
2765	745	4456
5816	2780	5426
913	801	1863
7694	1793	NA
4863	7506	4984
8138	7506	8423
1838	2515	2048
3340	1568	4156
3889	503	449
5922	4781	3675
4973	2134	4156
5101	6110	449
6394	5006	NA
8542	6689	449
8838	6689	449
254	4192	NA
3058	4192	NA
4386	3366	8423
1244	2899	NA
310	7202	1284
6132	2476	4156
8476	3270	NA
2384	3270	NA
1067	7840	8563
7237	1085	NA
8116	7663	5426
8907	64	1863
8745	64	NA
5296	2974	1863
2561	4306	NA
809	8376	7095
1532	6161	8563
8343	8082	8618
3400	8877	4156
2570	2113	8563
4298	7596	NA
8979	8249	NA
9026	NA	3912
1131	5529	NA
2873	5075	NA
6722	3867	NA
2692	8773	NA
7631	NA	7387
7306	7931	8423
8913	8740	7095
3141	NA	8423
1768	7929	4135
2620	1340	NA
6440	3432	4032
4394	5479	1175
6510	3506	NA
2402	3162	96
1305	8364	8168
6587	1074	NA
2513	6516	8563
6421	4256	NA
263	5959	NA
8027	8274	NA
7989	3367	NA
1204	6215	NA
7198	6215	NA
1596	503	449
8387	1288	NA
5928	5673	7045
3822	NA	3675
189	NA	8423
1516	NA	3675
9034	7140	NA
907	8293	8513
6982	2899	NA
4069	945	NA
2446	7506	7157
8235	8692	NA
3677	5108	NA
5200	8249	8098
8639	5378	8423
4667	NA	4156
4540	6516	NA
6120	1340	NA
8454	2597	NA
3450	4836	8563
2723	NA	1224
3408	3173	NA
5063	4306	NA
6038	4482	8659
1936	5057	NA
897	692	NA
6815	6110	8563
4699	7202	96
881	8376	NA
5436	4626	8423
6045	901	NA
4428	3994	NA
325	4192	4864
2040	2452	4156
6768	1221	6960
1399	6215	1764
7048	6215	1764
2947	7642	4135
6906	2966	8563
8020	1288	572
4539	8901	96
7841	4031	6960
839	1085	NA
7725	8877	NA
5281	4256	NA
5857	8740	4156
1718	3162	NA
5909	7140	NA
4581	801	376
6857	3432	NA
2993	2113	NA
7576	2974	7095
6321	4153	8563
6370	7596	8530
1168	7499	4135
5169	6257	NA
5991	5505	NA
2342	8293	NA
18	8293	NA
6317	6765	4156
5657	64	449
1317	7034	NA
2978	4482	NA
6599	7956	4156
1154	1085	3276
3139	7638	4156
4713	5959	8423
7270	NA	4156
4024	5959	2316
2566	NA	5426
8609	5318	5231
4416	1814	6501
5367	465	4702
6912	8734	6447
5142	75	NA
2660	8274	NA
1647	5287	8423
3479	2134	1175
3915	668	1224
4116	3367	NA
5199	1074	8659
8752	6689	5231
5358	916	5231
6106	2306	1224
387	117	2776
2248	5673	449
1476	5673	449
7372	3506	8423
8884	745	449
351	8341	7095
815	745	449
6251	503	NA
1251	4347	376
5885	6717	NA
8425	331	NA
2602	81	NA
6462	6252	8423
1063	1793	3897
4046	5006	NA
6743	5956	4456
6040	5879	2776
3264	8364	8423
8995	3364	7095
3664	3834	7095
3798	7202	5825
4217	3506	8423
8869	6110	NA
7442	117	4666
943	8970	NA
5537	NA	4984
5774	331	NA
8010	2597	NA
8151	1340	NA
7090	NA	8168
3409	2829	NA
4845	1846	NA
5670	3270	4456
519	8183	NA
1103	4256	NA
7707	6516	7183
7526	8249	NA
4505	4306	NA
4748	7642	7095
1675	3364	NA
8535	1085	NA
7699	1085	NA
5792	3367	NA
6636	6257	NA
3581	8692	NA
6479	7140	7329
3851	8600	7095
4844	7596	4249
5489	8692	NA
7905	8901	5283
2150	7956	8618
1322	1260	7095
1417	1288	NA
694	3994	5426
6324	3994	5426
8303	5410	7387
8785	5410	NA
7336	6110	NA
3078	1479	NA
3841	4935	NA
1925	3366	3897
335	2515	NA
6477	2452	2280
3248	3162	NA
6931	7034	NA
2689	5879	4864
4003	6937	4984
4708	5773	NA
6729	8293	4456
8635	8293	4456
1392	7663	4032
3934	745	NA
346	4031	96
3405	503	NA
8438	6765	7030
7156	5505	2781
5908	1074	NA
3858	75	NA
3448	7929	NA
1685	1793	NA
2547	2899	4864
825	8877	7095
4578	6252	NA
4413	4347	1404
7673	3173	5231
4787	5006	NA
507	6645	NA
671	3867	572
4107	5673	6279
4518	6849	7095
3586	5959	NA
8159	5959	5825
5853	5287	8423
3741	8274	8513
413	916	8423
4370	2134	NA
3509	8274	NA
5236	5108	NA
5235	7638	NA
1292	7638	NA
8140	5529	NA
8895	27	4234
2677	5006	NA
1468	5479	NA
1904	2656	NA
1569	8712	5426
3459	1274	8563
6659	801	NA
7021	6158	8423
7365	3986	7095
4053	6161	4156
548	4192	8423
7723	7506	NA
9	8732	4984
8410	945	5283
7232	8376	NA
3840	4153	4984
2080	8740	8618
8292	5550	5426
6041	3986	7095
6643	2274	3783
1728	4031	5509
2448	8249	7095
6357	75	2495
8959	3994	NA
1037	8901	NA
505	331	7095
1225	503	NA
2902	2966	8563
7789	3994	7095
1283	2974	NA
275	5831	4984
4837	3539	4546
8504	3356	3912
7023	2515	NA
8570	6937	8279
1754	745	NA
4117	745	5231
6555	1793	5231
3008	2656	NA
8738	6516	NA
3959	1015	2961
4843	7642	4984
2969	2452	5967
1971	6717	3859
1125	5108	NA
1550	901	7683
8796	3270	NA
4238	4153	8426
2043	5956	NA
5556	7596	9008
8367	8740	8426
7070	801	NA
618	64	8563
6935	8293	7095
8794	8877	4032
1989	2899	NA
5671	6257	NA
7882	1867	NA
2730	6252	NA
7843	8692	NA
1179	4783	NA
2415	5057	NA
8126	4256	NA
8582	1479	NA
5327	8692	NA
4774	1074	NA
6865	1340	NA
2009	3867	5231
1747	5900	NA
6846	916	5231
2506	7202	NA
3416	8685	NA
6345	81	NA
6910	8970	NA
3255	2597	NA
2288	3506	NA
2546	4935	8513
3733	NA	8168
6411	2113	NA
7534	2974	NA
3465	8249	8691
3579	2656	11
2887	5410	NA
285	8249	NA
5631	4783	6279
5758	7663	NA
6853	8274	NA
2153	7615	NA
7123	6110	8193
4390	4935	NA
6877	81	NA
5677	6849	415
4552	6516	3007
7462	6516	NA
790	5108	NA
1219	3367	NA
3785	4031	7683
727	1867	8426
4337	5956	NA
4201	2452	NA
5117	3270	3379
4966	3356	2067
4892	745	NA
4824	745	7531
7862	8293	8326
3704	8293	8326
3082	7596	415
8313	2899	6279
5309	901	3869
6091	5900	7683
6109	6257	NA
6299	8901	NA
7332	3994	2067
3384	3994	7683
106	2515	7683
6051	3080	NA
576	6717	NA
892	7663	NA
8942	NA	5970
7675	7633	NA
8260	NA	6036
2543	2656	NA
5249	6937	3379
4711	8103	NA
3526	8103	NA
2568	2113	NA
3670	5057	NA
513	81	2280
5836	2899	NA
8065	2899	3925
8955	8685	NA
2992	7615	NA
6488	1674	NA
5984	3906	NA
509	1867	NA
1880	2008	1071
7554	5900	6279
8004	5108	NA
5322	8376	NA
1815	901	NA
2674	1479	NA
8032	6257	NA
2872	2515	NA
533	7596	NA
7192	3994	NA
8682	801	NA
8259	4153	NA
3383	6689	NA
6568	503	NA
754	2974	NA
1807	3367	NA
127	3367	NA
8915	5410	NA
818	5410	NA
5581	7642	NA
2394	2452	NA
8871	331	NA
3540	8877	NA
8859	8877	NA
7966	5529	NA
3230	801	NA
7360	745	2067
7527	4031	NA
6773	1340	3250
581	2658	NA
7895	7202	NA
7295	218	8098
4325	8901	6936
1330	4783	7531
5965	7202	7531
7086	916	NA
3217	4256	1032
3618	5298	NA
6283	4426	6119
3292	2597	NA
172	6788	NA
7220	3356	NA
8128	8970	643
2088	8249	3925
8763	2611	NA
3197	8249	3007
2943	2974	NA
8705	1340	6688
2835	2452	1526
3434	7663	NA
6728	6937	NA
4520	2656	958
516	6516	NA
5512	8249	NA
1634	2515	NA
3879	745	3007
6	4935	8168
6286	2008	2067
6212	3356	NA
2279	3356	NA
8725	5108	11
237	5956	3379
2962	4781	6164
5920	4783	NA
7009	8877	3007
2261	7642	NA
4690	7642	958
409	2899	30
82	5900	7744
7643	8970	NA
3038	8970	NA
2336	2611	NA
3399	3994	NA
4644	586	NA
3227	5529	3007
4067	2829	NA
3211	3857	NA
8288	5057	5039
6274	7615	NA
2874	75	NA
7961	7615	NA
3922	1674	NA
5653	5529	4094
633	NA	6739
5406	5057	NA
6845	4426	NA
6369	8901	319
6480	2611	3869
5393	8901	1953
6135	7642	NA
5981	7642	NA
772	6788	2828
304	1674	NA
5016	2829	NA
1588	2656	NA
2034	3111	7972
2769	5108	NA
1178	5108	7972
4196	8605	NA
3737	5900	NA
7826	2974	NA
5583	7663	7865
9021	4256	NA
3942	4256	NA
1760	2008	NA
3971	4783	1979
2503	2113	NA
4739	8970	NA
1895	3857	NA
4672	3867	5754
3950	6937	NA
1851	8877	NA
4605	331	NA
4790	7681	NA
4937	745	NA
1100	6516	NA
8281	1340	NA
4236	2658	NA
7268	8376	NA
8156	8416	5986
3421	1846	NA
6707	7615	NA
941	8376	383
4993	8685	NA
4207	5956	3642
5120	8685	NA
7667	7663	NA
2023	7615	NA
2354	1846	1660
6582	2658	NA
1171	2974	NA
4029	5900	2828
788	8901	6107
8927	8901	NA
2958	3857	5754
6612	3857	2828
4132	8376	2828
448	2611	NA
6303	8376	5699
7484	5529	NA
6046	3111	5754
3898	2008	NA
5827	5935	7653
2192	7642	4385
251	2899	7653
7228	3867	NA
7574	2113	NA
2151	8361	NA
8949	7333	NA
8892	8249	NA
6298	5057	NA
1446	4935	2828
20	745	3642
5420	2452	NA
3807	1846	1302
2186	3111	7670
8295	8605	5837
8960	2899	2185
6915	7681	7670
3289	6937	4322
3274	8249	NA
8818	4783	NA
7664	2113	NA
4429	3857	NA
3537	3356	NA
7679	8970	2828
5257	4426	NA
6581	3356	NA
4211	7333	NA
848	NA	7972
1298	NA	7653
179	NA	7972
1978	NA	7972
8448	4167	6739
8879	4167	6739
3216	1456	NA
6713	4426	8178
2210	2113	NA
6646	3356	4094
7708	8361	8061
8821	7681	8061
6680	7760	6730
5255	8416	NA
1434	5956	6181
5053	8901	NA
7464	4783	2182
4205	2899	NA
3967	7642	8061
4059	3857	8061
5518	5935	7972
7873	7912	7972
6637	1456	NA
2892	3857	NA
4490	NA	5834
521	2113	1302
8211	3111	6787
5146	8361	NA
6284	6937	NA
6118	8416	NA
286	8416	NA
3865	7333	7498
4636	5564	NA
830	2188	7498
2111	8361	NA
5929	1456	NA
454	3089	NA
8239	2250	NA
111	9023	8497
2350	2250	NA
3028	7448	NA
3051	7636	NA
5812	5314	250
8298	8843	843
3909	2250	NA
6062	7448	NA
8224	5009	NA
7000	5314	8720
3026	582	NA
7126	2152	NA
5144	5881	NA
6366	NA	6902
8447	995	NA
6188	2052	NA
1869	3687	NA
1964	9023	NA
3268	7636	NA
4179	6102	7995
932	2253	NA
4681	7636	NA
477	7636	NA
1534	2052	NA
1379	3687	NA
1346	8111	NA
6230	7684	759
5818	5881	4271
2107	5314	NA
8827	3834	6573
2217	7448	NA
687	9023	NA
1308	6059	7916
8164	2250	1863
6151	5314	NA
3676	81	7317
6543	582	4156
3039	1	8423
1242	3834	2688
2117	801	6573
6711	2424	NA
1620	2253	8423
555	5881	NA
8736	8813	NA
965	995	7183
4770	6001	2316
8024	1164	2961
4986	3687	NA
3769	8234	2688
3574	2839	NA
588	4306	3557
7620	2467	NA
7537	NA	1065
1751	5009	NA
7425	8316	NA
7832	162	NA
4564	2980	NA
6531	2052	6573
2831	1274	6573
8526	2966	6573
7766	7577	NA
7366	7510	8098
2664	2798	8962
6159	NA	7317
7756	7448	8563
8963	7448	8563
99	9023	8563
3816	7711	6573
2619	1472	449
2266	6653	NA
2710	561	NA
731	1983	NA
2391	8913	NA
5451	2798	NA
4377	970	NA
3771	582	4678
1215	3874	NA
4500	2467	NA
8999	1472	NA
7170	6394	NA
5447	2839	3912
170	8316	NA
1723	NA	1065
5324	4085	6573
6133	1164	96
5808	442	NA
6072	6764	5321
216	183	3276
8678	3270	6573
7511	9023	4156
7117	162	8618
6185	995	1425
8920	64	3467
2338	1	NA
7797	5881	8423
104	7510	572
2918	6443	NA
73	3687	3557
8728	8712	7306
5290	1074	6573
7828	5314	NA
2262	3366	4332
5360	2052	NA
5247	6001	3557
52	3687	NA
1859	7451	7995
3163	2476	835
8615	1993	907
3565	7159	7604
21	7636	NA
5184	7636	2921
6647	2980	8513
547	3834	7604
4856	7448	4032
542	7448	NA
3903	NA	5603
5727	5169	NA
4614	8813	8563
1984	2697	2688
4334	5928	NA
660	2467	4984
7456	183	NA
3754	3687	7095
2297	5314	6573
6088	2113	2402
3572	2980	8563
2800	5881	4456
6594	5314	NA
2726	1164	5426
900	970	7683
6595	5296	96
8348	7510	NA
5090	2052	NA
5789	2052	NA
4044	8111	5684
1601	442	NA
6170	2253	8563
8250	2253	NA
3487	1472	4456
5639	6764	7045
6948	1	7387
3258	582	4156
7859	7636	96
4437	561	8961
3831	64	2342
2855	64	2342
3976	9023	96
5844	809	NA
7427	1024	NA
3468	8111	NA
929	162	NA
233	6132	NA
4185	4836	6573
7559	3874	8965
6485	2839	2776
4723	1983	NA
6870	2432	3749
4432	2700	6117
2657	8600	6573
5993	6587	NA
7637	7448	NA
1699	3871	NA
3172	263	4156
3973	5318	5603
8672	535	NA
2313	8316	NA
446	1532	7095
3870	901	3467
5719	6443	NA
6590	8116	8098
6953	535	7030
2936	8913	7329
5128	7448	NA
3060	7506	6117
8078	6161	3400
8378	765	4332
7017	NA	1065
2066	5751	NA
7344	6251	NA
3312	2974	2688
4279	2306	5603
2834	5751	NA
4060	3687	3859
3582	442	NA
2263	8316	3897
2027	6764	5231
3636	1472	NA
2275	5296	7916
2548	6849	7604
751	582	8618
5622	5009	6098
7092	6132	NA
4478	263	NA
2979	6001	NA
8703	1024	NA
7453	2467	NA
6526	9023	NA
7216	5529	2080
2477	1164	NA
5493	6443	7095
8079	1532	NA
5516	8913	NA
8440	2980	8939
1007	3874	8124
1995	2839	NA
6476	5881	NA
544	5881	8513
5386	8376	2404
4704	561	6380
3403	6768	3897
8054	7636	8513
7334	3871	4249
2956	335	NA
5301	5928	4864
4967	970	NA
7509	7510	NA
2365	7510	8124
8904	1860	NA
7501	6653	NA
8282	1647	NA
760	809	NA
4510	535	7995
1515	351	NA
4827	7681	3400
2247	263	4332
8212	2467	NA
994	6653	30
2910	5314	643
3873	8692	8151
4867	2980	8168
3815	3871	NA
5243	5436	5970
3511	2980	5231
8052	6132	958
3764	2839	8216
8649	1647	7531
3797	8136	NA
5413	183	NA
5203	2506	NA
22	2467	NA
4122	7751	2546
8261	6106	8916
8932	5751	NA
8037	535	NA
4677	3874	30
6410	3871	7531
7346	1472	NA
8299	183	NA
666	2052	4332
7676	2052	4332
1899	9023	NA
2731	8740	4332
3183	6443	NA
6670	4413	11
6803	6001	NA
1013	6937	2566
5466	6477	1526
3747	809	7683
1036	3270	3400
5390	970	5231
7713	8913	643
2976	1532	2144
8419	64	4332
2473	2008	3467
3293	5108	3400
7866	5378	4332
363	8376	4332
4948	8913	8916
4927	6232	3400
1671	8316	6724
1342	5881	NA
3476	4256	7604
3191	335	NA
5244	561	NA
4406	3840	958
7096	5881	2342
6455	442	643
6019	1164	618
4489	8116	2067
8737	331	3467
5369	1983	7744
3776	5296	643
769	7636	NA
2922	7510	2566
4485	1037	11
3698	8970	2566
1932	6717	7604
6952	5670	5231
4944	NA	3218
4858	NA	6599
1713	NA	7604
8931	2250	8168
5610	582	NA
7796	NA	6599
4314	6091	NA
4018	6109	NA
4242	NA	3400
3528	106	NA
8545	263	NA
3307	6768	NA
8187	1532	NA
3835	5296	NA
4470	6132	3401
3911	8913	NA
1045	6106	NA
139	970	NA
7127	8116	NA
1133	3416	NA
6630	1283	NA
1608	6555	NA
3882	1971	NA
4909	5556	NA
5207	6477	NA
8755	335	NA
8888	3840	NA
622	7681	7604
1183	1164	NA
7767	2969	NA
6996	5881	NA
984	5881	NA
659	5009	NA
690	5314	NA
8317	4552	NA
2456	5631	NA
421	183	NA
4074	3082	8168
354	561	NA
5549	561	NA
8275	3874	4395
5552	7510	NA
2254	7510	NA
456	582	8691
3012	1164	NA
5799	2980	NA
1212	6764	NA
8990	6764	NA
1114	6001	NA
1159	1024	NA
4900	535	8098
2031	1728	4966
2908	6653	3869
4597	9023	NA
7248	NA	7023
8350	2288	7157
5662	1125	643
495	5670	NA
5214	2506	3379
494	1860	NA
5354	6846	NA
8560	4935	7023
8929	4337	NA
8644	8796	NA
836	5677	NA
7748	4892	NA
79	1472	7531
8104	3687	7604
2197	1647	NA
8782	2829	2566
6083	NA	8959
6208	5928	NA
3828	2467	11
5305	2467	NA
8921	8316	NA
1808	2052	NA
7200	3871	8959
1247	6382	505
6782	75	2546
4174	7636	1678
7012	5928	6688
4697	809	2280
7997	8738	NA
1707	8504	8168
6734	NA	4843
3041	2052	7531
2965	1037	NA
8429	6299	NA
6544	3687	NA
2012	NA	3467
245	5169	NA
6276	6132	NA
2623	8504	415
8533	3082	8168
6347	6846	3467
6237	535	7789
3606	8738	1989
7304	5296	2280
4288	6132	NA
2077	335	NA
90	6555	618
7265	351	NA
8345	1164	3007
5589	8913	NA
2355	6001	NA
8688	809	3869
8195	6106	3869
6813	5881	3007
5240	7510	3400
6223	6443	2495
4175	6768	3869
3338	2113	3400
3805	1472	NA
6572	2899	7604
2505	183	8168
2245	2506	NA
6785	8316	NA
2136	8901	7534
2635	5928	NA
5714	1971	NA
6309	1860	NA
6907	6245	4201
3811	1283	NA
7898	NA	3467
8492	1532	NA
7926	5436	NA
1987	2658	4332
5416	8116	NA
3150	1532	NA
7076	1037	NA
7745	3840	NA
5317	5556	415
5495	263	3869
125	3874	5231
8908	2467	NA
5815	2467	NA
7996	3840	NA
499	2969	NA
7172	1037	NA
5280	4552	NA
7225	5631	NA
1769	6299	NA
4524	2452	7789
7632	5529	1989
5814	4067	NA
2985	442	3467
1874	NA	4966
1418	NA	3467
4404	5881	1602
4885	351	NA
7790	3785	7531
7287	3785	NA
6971	3733	3467
8202	75	1989
4955	3082	NA
5357	6106	NA
4232	4167	5606
8978	8116	NA
14	8116	NA
1110	1024	NA
6752	6132	NA
4538	2279	7534
4934	5751	NA
1833	8249	1989
6402	2467	NA
5019	1164	7531
6604	5928	2067
3232	5631	NA
1156	6846	NA
6293	6846	6119
2339	6001	NA
3755	6520	1225
6649	7510	NA
3827	3038	NA
3810	6768	NA
782	7020	7789
5371	1814	1989
6874	6443	NA
6128	6443	NA
5517	2974	3467
2720	1971	3467
4040	1971	NA
1705	5296	NA
3655	5556	NA
4435	183	NA
2934	3594	4843
8561	6477	1602
1780	1472	NA
7692	1860	NA
135	3416	NA
7698	2969	NA
8217	8913	NA
3592	7327	7789
4797	335	NA
3452	5309	NA
5069	5309	NA
4904	2506	NA
6238	2506	NA
1689	3687	7531
8512	6728	NA
5401	6768	NA
1241	6555	NA
2972	516	NA
1938	5314	NA
8384	8316	NA
8029	8738	NA
1046	5169	NA
450	1283	NA
1644	5169	NA
783	5956	4520
4642	6	NA
2970	5220	3467
5565	2515	237
4960	6106	4106
7476	3733	2828
3743	5309	NA
187	3687	7462
5771	8913	NA
3790	6555	NA
7375	6443	6865
5687	5751	383
1267	809	3467
5807	7268	NA
4958	4067	NA
8845	NA	1989
6415	1024	NA
2393	263	4322
6523	7510	7462
2087	3082	4094
5478	4542	1989
1507	3785	2828
5968	1971	NA
6566	1971	383
7525	2506	NA
845	6846	7999
758	5631	4094
6585	5296	5582
150	335	NA
7651	5881	2067
1616	5881	NA
7262	8316	1989
7383	8504	7104
1222	1472	6134
8857	3416	4094
5955	3416	NA
658	1164	NA
4398	1037	383
4839	183	4385
4582	772	NA
3032	6441	1225
4131	8136	NA
3836	8341	7462
2608	2279	5986
153	5436	4385
3534	3840	2828
3863	3840	2828
7351	5920	NA
8776	3227	1526
696	8021	3467
2428	2969	4385
3106	8605	1989
8507	5920	NA
7002	1283	5582
7073	6768	3869
7971	6520	7462
382	3038	1989
2123	516	NA
6762	516	4161
2498	7681	3467
708	8725	NA
3151	8116	NA
5865	4672	NA
5554	3971	NA
1586	5314	NA
585	2769	NA
3908	1647	2828
39	6	1989
4658	4552	NA
749	6132	NA
6337	5503	4236
8179	7020	3467
8305	7027	3467
6667	5751	NA
1256	6555	NA
7233	NA	6599
2172	NA	4520
2998	3879	3467
7693	4067	NA
4921	8281	NA
6533	5928	NA
3395	5928	NA
4754	2611	6865
2281	1164	NA
5056	335	NA
3090	255	7462
667	6846	NA
968	3038	NA
3021	5309	NA
6692	4935	1989
8218	1283	5811
6663	3227	NA
3066	6106	575
7109	5436	NA
3780	5436	1989
1310	6477	2557
1487	5631	6865
7777	8738	7062
3269	442	7972
1816	1760	NA
7701	5583	NA
6325	2467	4161
8206	5169	5522
9054	5084	82
1145	1037	3167
7619	516	NA
7603	8504	NA
5904	8504	NA
569	2034	NA
1511	4672	NA
4145	6299	NA
1548	5981	NA
502	4552	NA
504	2506	NA
8414	2769	NA
1972	5503	7462
5616	3733	4385
5560	772	NA
3320	2279	NA
2285	8281	NA
7830	335	7534
3621	NA	82
7119	3416	NA
8501	NA	2835
4660	3843	4196
7731	5920	NA
7557	2467	7789
4235	1760	2557
7910	3038	481
2750	3879	8178
5655	3733	383
6169	9021	5629
5007	6555	481
1389	6768	7789
6187	8605	7789
7504	7268	7062
2373	351	NA
802	7333	4196
3429	2279	NA
7275	6768	7789
6808	5436	7789
7158	6106	8061
1910	3227	NA
5504	5631	NA
1603	3971	8178
5741	6	NA
147	4552	NA
7419	516	5320
838	8738	NA
4838	8913	NA
6723	2467	NA
8135	5981	1895
8589	1037	6730
7906	2034	2182
2584	6477	NA
8885	7642	1895
350	5503	7789
6727	5503	7789
8761	4067	NA
613	2899	7534
8596	5309	NA
3393	NA	6915
7855	NA	4520
7775	5631	7876
3302	3733	7876
5159	3857	3737
1544	6299	1895
6990	4552	NA
7907	1760	7039
5256	6728	NA
143	6846	NA
1624	6768	481
810	6768	481
3924	7268	NA
4021	9021	NA
4779	772	NA
8268	772	NA
2211	2186	NA
6492	6581	1302
1327	8605	7789
6371	5556	NA
9007	3879	7972
6461	8281	822
8852	3879	5811
720	335	NA
6529	5920	5629
3344	6106	5811
1539	1037	7789
3474	3594	6915
6179	8504	8178
6121	4672	NA
1929	3038	481
4455	3971	5275
7309	8021	1895
2403	3227	NA
909	1760	2185
977	5556	7999
1237	335	5320
3454	3733	NA
8023	6	NA
4025	5920	7804
1160	6299	8061
7538	5920	NA
8278	3879	8061
1827	3879	8061
5434	2186	NA
243	2186	NA
4991	6846	7039
8548	5631	5811
4007	6299	7113
8373	2034	7498
7978	516	NA
5395	6637	NA
5031	6728	7612
2133	2279	8061
4273	2769	NA
348	7268	NA
3407	NA	8295
3672	4552	5629
8208	3227	NA
3736	516	8061
1998	2769	69
2440	772	NA
6308	7664	1302
4195	5920	5811
8509	8281	NA
8621	4672	NA
675	7483	1298
7747	3733	7039
1123	5556	5320
5506	6	NA
5557	3289	5320
4015	5981	2320
3327	1760	NA
8084	2186	2175
4519	2463	6366
595	687	NA
6740	5818	NA
4819	2217	NA
7896	99	NA
4877	2217	NA
8203	3769	NA
8245	NA	8827
313	5818	NA
4610	8678	NA
7449	8164	NA
8034	2217	3897
2928	8526	NA
7519	6159	4864
5569	216	NA
5212	4179	NA
811	3565	NA
6574	6647	5867
3751	99	3467
4199	5818	6380
8247	7840	6366
3147	8526	3897
4676	183	8827
3717	1983	5808
320	7537	3870
1269	6110	8827
2196	8732	6366
2791	5818	2701
819	2113	6366
296	4770	7095
1531	8164	NA
7107	6647	NA
1959	104	NA
2173	8678	3400
1368	6159	NA
8575	4179	NA
4228	6015	8827
7044	NA	7828
4663	5516	NA
2864	NA	5622
6848	8678	NA
7227	6647	30
5580	4770	NA
5945	4179	643
5630	104	11
8145	52	8916
8601	8526	11
4987	8079	NA
2155	7537	2448
3054	6159	NA
5949	4704	NA
1398	6159	1995
4259	3754	2067
5168	4153	5808
7186	8164	3379
8764	5818	3400
3005	5818	7744
3063	5301	11
7546	582	8827
4477	NA	2910
7845	1013	NA
4344	2922	NA
2055	52	NA
6029	104	NA
5746	7537	NA
66	6019	NA
8573	2365	NA
7690	3636	NA
5093	4704	NA
4905	52	NA
1897	8079	NA
670	1984	NA
5541	3754	NA
3524	8932	NA
684	5818	NA
5963	5818	2067
1641	3867	4510
1194	2548	NA
6261	4122	8168
683	6526	3582
8721	5516	NA
291	4179	NA
3917	4179	NA
3660	3476	NA
8694	3747	NA
8967	3747	NA
8517	6803	NA
5349	4677	NA
865	6476	NA
4829	4827	NA
940	8526	618
2648	4770	1032
1349	5301	NA
1587	3356	4478
5571	8164	NA
9002	6647	2939
949	8212	NA
4889	3698	NA
2045	6476	NA
5111	442	5622
4806	6159	NA
562	8678	1723
8799	6670	5493
8789	4085	2910
816	6159	NA
438	3270	8827
1153	NA	2275
2634	52	NA
3916	331	4510
2511	104	786
4246	3111	5386
141	8526	1932
4971	7681	7334
7813	5895	2731
6794	6788	5386
2749	6526	NA
6505	8079	NA
4592	4827	7789
7475	7537	NA
4252	6647	1678
2727	442	8827
1101	7501	8827
493	4256	2731
203	1568	8827
7219	8732	8827
8063	3539	8827
6994	8703	NA
4735	3754	NA
1028	4426	2275
2429	8376	7334
1401	6477	79
3799	8685	1995
7903	4770	NA
2241	2548	NA
1866	3698	NA
3980	8932	NA
6491	4927	7385
1144	6803	NA
1820	2922	NA
314	8037	NA
1134	2473	NA
3360	5516	NA
4931	4485	7334
2763	6353	2731
2305	3776	NA
6969	8261	NA
7189	8052	NA
6116	3747	NA
7311	1515	NA
2705	1515	NA
3597	NA	8827
3960	8533	2828
2143	2548	7334
3952	NA	5622
3253	6526	NA
2661	5881	8904
6489	1515	7866
428	4927	500
1205	5895	4478
3985	2922	NA
6796	8345	NA
8311	5815	1989
4013	3776	NA
8539	8261	7531
1794	3840	2012
7374	6299	7334
2704	3747	NA
2234	5436	4478
5840	4489	5986
5156	104	7462
5665	8504	7334
4123	6208	NA
5951	125	NA
8380	7898	5320
565	5516	4478
4150	2623	NA
5499	3356	4478
4445	3356	4478
1505	3476	8904
4600	4704	2828
776	8703	NA
8253	8932	NA
2860	8489	4478
7959	2473	7744
3486	5503	7866
2876	2473	NA
6414	3754	NA
4083	8079	NA
5252	263	7866
6341	8560	NA
4226	6647	2828
7131	6555	8827
2004	6516	4478
6006	4485	NA
1850	745	7334
1969	8526	NA
6086	1647	2136
2815	4827	NA
5546	4827	NA
229	52	NA
123	52	7462
5584	7501	NA
8576	2658	4478
701	7501	8827
3290	8678	3869
5551	8037	NA
3483	2635	7972
7625	782	NA
7289	NA	5622
4603	1073	8688
4712	3476	NA
2003	8932	NA
1230	6159	6739
1519	6159	6739
1999	8037	1989
4407	8079	NA
8829	8489	4478
6334	5583	5317
1280	NA	6347
8956	4827	NA
1421	8029	NA
5707	NA	7017
8847	6276	NA
2086	6477	3815
4719	6001	7334
8095	8738	3815
201	351	7866
5245	3754	4478
8089	4704	5811
7911	2467	8827
6655	2467	8827
4563	3879	3338
7598	335	7304
3497	8978	NA
4444	6526	2828
7652	8504	4478
4354	2317	3815
7626	2317	3815
6807	5516	5754
4818	6299	3815
6125	1674	7304
4383	4256	8827
9053	5108	4478
4363	1860	8827
3944	5815	1989
7098	125	2067
1950	8970	7334
5542	6788	8827
3740	2934	NA
2090	4426	8195
2590	8732	7334
6426	6516	8827
7917	6516	7334
7858	2077	NA
3406	8703	NA
5170	2623	4385
2819	52	7462
1023	52	319
2205	2473	7462
625	8533	7789
1877	3592	NA
969	3356	7334
756	3356	7334
4229	5556	5317
5154	4927	3869
3438	4927	NA
1143	2922	4385
6652	4485	7334
5102	1689	7104
2125	1037	7866
5798	5169	3815
1351	1515	1989
3389	2970	124
6735	104	NA
7560	2635	1989
7343	14	NA
5883	4797	NA
222	5357	NA
4139	450	NA
2216	6132	6813
4446	4485	7334
1871	8560	1202
6105	2985	NA
7149	4489	783
2374	6572	NA
7143	8526	7334
8986	6647	5811
697	6647	383
1611	2548	4385
1626	7898	4478
8215	8261	4322
6352	3837	7866
1354	7537	4385
8331	3776	4385
7967	4783	3815
7888	8678	7040
8564	6237	3815
6254	3994	8827
6210	3994	8827
5282	745	6347
2645	3747	2108
594	5565	NA
3013	2623	NA
6509	1833	NA
1217	125	NA
1907	14	NA
1102	6159	NA
3305	1705	NA
6696	5357	NA
2328	7898	6791
3388	8901	3815
4034	5516	NA
2388	7615	8827
7026	7615	8827
3326	3843	3815
3020	4827	6865
8806	4827	NA
1411	1456	5622
3178	5371	NA
5728	3082	3815
6255	2548	NA
4835	8533	6813
5609	5920	5622
2526	3754	8827
6222	450	NA
301	8526	3815
7223	2317	6128
545	8932	7334
5350	8978	NA
4750	2473	6721
2304	4934	575
614	2934	NA
3637	4485	8025
7497	2985	3338
6007	8678	783
6909	1689	NA
527	6237	NA
3689	8037	3338
6997	2069	7866
1912	8202	1524
7622	6	3815
2296	4538	NA
3188	8179	NA
5611	5815	NA
5718	2077	NA
6891	8079	NA
1096	8079	NA
6216	8560	NA
7544	8560	NA
6561	7537	NA
6668	7537	NA
4876	3655	NA
5286	6276	NA
4357	1241	NA
5664	1515	NA
1426	1515	NA
8002	8489	4478
1809	6441	3815
3102	3592	5622
2823	5556	3338
3641	8732	5622
1218	104	8827
645	6520	5622
4251	3747	NA
2479	8345	4478
5340	2635	3815
3585	7287	NA
5359	3476	5811
4338	1647	8827
8409	6503	4478
3237	6237	5275
5263	NA	3815
25	8477	7866
6514	8526	7866
8094	NA	6813
4439	8932	NA
5139	3476	NA
6023	5556	4885
6657	3111	3815
2455	5516	383
430	14	4385
5043	8978	2557
2871	8345	6813
8741	5565	NA
6127	2985	7866
4812	3655	5622
1345	3879	7866
7389	450	NA
9013	3082	4478
6306	8533	4196
4339	5935	3815
7600	6299	2136
8527	6299	1874
6197	4935	3338
58	5815	4385
4504	1689	7789
3278	6692	NA
9004	2968	4478
6332	2077	NA
6518	382	NA
4583	2934	7866
7196	1515	NA
7503	4489	7789
6973	7898	7866
557	5436	7866
8973	255	4478
8996	3747	5320
5917	7287	4385
7194	3754	7062
4880	2623	NA
7190	8079	NA
3673	8079	5837
4565	8407	4478
7074	3592	6107
3369	772	4478
5769	5357	5629
6084	8037	NA
342	8037	4478
9057	2635	5811
7728	6276	3815
3789	2548	5275
7581	5751	4478
2064	8678	NA
728	6846	4478
4066	5371	5653
5667	1833	7866
2176	516	6813
3691	1241	NA
3719	4672	6813
2784	8261	NA
7729	8261	8061
3650	125	383
918	1705	7866
2702	4485	NA
2330	6520	7866
2201	2069	3815
7706	1647	3090
8222	4934	NA
4873	4538	NA
3466	450	2136
4433	4265	7866
7553	NA	6813
8090	NA	2136
6069	3843	3338
8181	3592	2136
8701	3592	5811
3195	125	NA
5312	5815	8195
65	3785	8195
3708	3785	8195
1878	3476	7972
5033	1705	6813
4964	6692	5019
2290	2279	2136
8679	4552	1145
6539	5565	1660
4052	8361	6813
7864	4934	NA
3159	3476	7972
7245	2769	1145
6661	7664	2136
76	8732	2136
791	3227	6813
4295	NA	3338
3149	2077	8178
6944	7287	NA
6315	3747	6813
4895	14	2136
1896	8345	NA
4782	7287	5811
5978	516	2136
7277	1833	7972
1118	8526	481
7835	2623	5275
3728	2548	5811
3295	1241	5275
2074	8738	2136
5277	5007	NA
7587	NA	2136
6570	7731	NA
1819	1073	7866
2544	5357	4404
8368	968	2182
4202	8477	4524
3802	8533	1145
5299	3655	7062
3148	1696	2136
5194	5981	6813
7294	7432	2136
7301	6237	5622
6703	4538	3815
8636	7327	3106
3286	7327	3815
7680	1689	6739
7008	6520	3338
4688	2317	8195
7493	7333	3815
2453	382	2830
4523	8037	NA
8083	NA	783
7055	613	NA
7878	1073	6121
6301	3474	8761
3848	6371	NA
1955	7158	NA
2625	3655	6813
7403	NA	1874
4293	1083	4404
4286	3592	8061
403	8978	NA
1777	450	7039
1947	2077	8561
5706	4838	4524
2563	3289	2136
2637	6276	NA
2370	8345	3815
3794	8345	NA
3694	3476	5629
3847	3747	143
3931	104	5320
5980	8202	481
5166	2985	3817
256	14	NA
5121	7327	8561
8870	2635	3737
4373	8605	783
8396	1689	NA
3772	NA	3755
713	3476	1302
7848	8978	1895
7299	8037	481
4208	2548	5320
6527	2623	3106
1743	3971	3924
7251	1833	2136
766	6520	8561
4609	5357	NA
5109	382	NA
8456	3594	3815
5624	4934	5629
3256	8281	6813
2639	7057	4524
7568	4552	2136
5627	8268	4196
7316	6786	3106
1158	4455	4138
3824	8526	2136
3096	6692	NA
8149	6692	7804
1281	7287	NA
2351	7287	3737
9012	3356	2136
6934	4489	5811
5507	7664	2136
3092	2968	3106
559	772	5495
3444	5110	5019
8608	4538	NA
1973	5371	NA
9027	125	3815
4327	6106	2136
7716	6325	8061
8252	4538	NA
7979	5565	NA
6213	5815	8061
646	6179	NA
4513	4934	2136
6393	8477	243
8627	4455	NA
7658	3971	4404
273	NA	5019
3792	450	NA
2232	3474	8295
1640	1689	NA
6827	7158	NA
3510	8202	3988
2219	125	5811
5473	6237	69
2132	179	2136
5400	6299	3106
8068	3879	3815
3791	3879	3815
1192	4838	3338
4526	1539	2136
7129	382	2175
1580	1241	3679
2707	516	3106
258	1833	3338
3095	3785	4524
1483	7287	2136
8952	7287	NA
3937	5815	3106
1180	8533	8061
1546	4538	1327
6196	2279	2136
3977	4489	3106
6820	3592	5116
1662	2968	3815
5149	7898	2136
5375	6371	3338
3564	5110	3338
1759	3082	2136
593	1705	2136
7515	14	NA
3341	8268	1302
6229	5371	NA
8349	335	3106
5138	903	4524
632	5371	8318
7921	1544	5019
6493	3655	8561
5658	2548	NA
8432	5357	NA
246	1355	2136
4457	3476	481
964	3747	2136
4915	5565	243
5381	3558	5495
6986	8978	2136
7108	2985	8561
6856	2196	NA
283	2173	NA
3088	1531	NA
3521	64	3147
9038	801	3147
6217	7519	7683
6847	320	NA
5446	7227	NA
1338	NA	3147
8418	8575	NA
4936	8145	NA
8188	2196	319
8197	1531	11
1946	5580	NA
4527	1368	NA
1402	2966	1269
8087	2173	4324
6406	NA	819
260	7519	8168
1369	8678	3063
6843	8605	819
121	5314	3147
7461	3785	3147
2975	1647	3147
8229	1398	NA
4291	5580	3007
1543	3594	296
6852	3054	NA
553	6159	3147
3507	8145	NA
8777	2196	NA
8120	1531	NA
1478	NA	7044
7115	NA	141
8524	NA	7044
2072	NA	2763
5875	5580	NA
4092	7519	NA
5037	4854	819
6233	7813	NA
1829	4252	3467
2180	6001	819
6130	3994	819
1890	4735	NA
2810	2196	8827
2945	3054	NA
4528	3916	NA
2779	7219	NA
6871	8145	383
8722	5949	7866
8652	3799	NA
1582	1398	NA
195	8575	7972
2444	8575	7972
1725	4935	4971
223	535	4971
3182	5084	2429
2640	4781	1028
6360	229	NA
2954	3916	2828
4382	6707	819
2372	2356	7044
2624	4246	NA
5782	6414	NA
4172	3799	NA
9044	5625	1028
6638	8575	NA
5388	7519	1989
6362	7219	8827
5685	5580	5837
8286	8316	4971
1089	5949	NA
1547	2355	141
6143	4252	2108
358	8145	6688
2357	2196	7866
8983	7813	2828
7822	4735	6491
7412	2749	5754
4266	6505	1526
2114	8345	819
4974	2829	2763
3936	3483	3869
952	6006	NA
4128	4854	819
7932	8063	4385
6932	1969	4094
8681	3253	7866
5452	2704	NA
8574	7374	NA
2369	5928	141
8146	1398	4971
6836	3054	6730
8909	1794	4478
971	442	1153
4865	1794	NA
8945	5499	NA
6656	6132	819
3774	7642	1101
6632	5895	2634
6383	3054	4161
4260	2467	2727
7915	6994	4094
1146	7374	8025
4517	8063	5837
5248	5949	NA
7305	4252	1028
6864	4252	1028
5960	8261	819
4932	4246	NA
6560	3916	6369
2885	2968	2727
7399	6208	2727
3839	3483	4106
7103	1969	NA
7250	7519	3815
5570	5580	4478
8354	7219	NA
7274	7813	NA
2076	1505	NA
2046	2704	NA
7255	6414	NA
6467	2004	NA
293	2196	6865
8443	6768	2727
5331	4489	2727
8690	8145	5622
4749	1398	NA
3387	1505	NA
7909	5949	NA
8258	6414	NA
4268	4067	5665
1485	2004	6813
7623	3785	5609
4841	NA	2727
6115	8021	3985
7900	5580	3815
5079	1143	NA
7659	6125	NA
3281	8063	NA
1018	6994	7972
2110	7519	7789
677	6208	2727
7152	2196	383
126	8145	NA
8092	4251	NA
5211	7813	7789
8327	3356	2727
6603	5340	NA
7957	229	565
3114	6441	3985
3234	6006	783
4290	6505	7972
8546	1398	7006
1475	7888	NA
6666	1411	NA
4654	4034	NA
6092	2823	NA
5449	6414	NA
5999	8738	565
4002	3483	4445
4832	2704	7233
3242	5542	NA
4807	4246	6107
7382	7219	2339
4075	4485	2727
2272	5499	481
7003	4252	383
4584	3054	2136
470	8202	2727
7488	3916	481
3332	1969	NA
440	7374	82
3209	8504	2727
2443	3689	7729
955	2194	7044
4209	1794	5019
722	6505	8295
7349	6997	NA
156	5741	4750
6618	1355	7044
7291	5949	8061
6475	4034	481
5177	1037	2727
6005	5499	8561
4381	5499	2835
4763	3082	7044
2535	3054	NA
5859	6	5665
8085	NA	123
5870	4251	7972
2417	5340	123
551	1411	4196
2409	3356	301
5839	6127	1302
32	7813	2727
2273	4489	2727
7445	1809	7972
4920	2823	7876
1784	4252	NA
7312	4252	NA
7918	6414	2727
3638	7622	NA
8980	7898	2727
2430	8345	2727
1343	2635	2727
3328	6006	7972
4027	8202	2727
4793	1505	NA
7007	3916	5665
4816	5580	6813
4570	5580	2830
1248	5169	2727
6211	5542	NA
523	1505	NA
947	8222	NA
1842	3637	NA
6502	NA	4750
546	5371	2727
2502	2004	2727
7471	6208	2727
190	6208	2727
6277	6973	2835
6793	6994	3815
2520	6994	NA
869	5359	1225
6898	2985	565
4329	8932	5252
8064	8978	123
777	2034	2328
6797	8145	7972
2481	2985	58
15	4600	481
5181	1969	NA
6558	1969	7972
5803	2704	NA
8946	3483	3338
6340	6125	7904
857	8063	5707
799	2317	5609
8030	7374	3815
3426	1143	7866
4714	229	481
2604	7219	3338
7491	7493	NA
7218	NA	8094
5209	4229	NA
5915	1969	NA
7004	2823	NA
7891	7301	8561
4080	6069	6813
8751	1969	NA
1562	4052	NA
4808	6332	NA
4499	4251	NA
5134	3082	2727
592	2004	NA
1594	6222	NA
4073	6994	2234
6720	4565	2234
2685	1143	5495
472	5542	NA
5122	4252	123
4114	8145	NA
7182	5499	3106
3866	5499	3106
518	5981	565
7539	4252	NA
8523	7219	6813
5267	5580	2136
4795	5580	NA
8408	9013	3815
7345	1809	NA
4141	6505	3195
1797	7219	6813
2412	968	1896
6519	7333	565
1223	4034	6181
401	8973	6813
3718	6414	NA
1350	5340	1978
7341	2526	NA
7963	2704	NA
6431	3689	NA
3542	3971	565
6472	2330	NA
3164	1411	NA
8491	229	8061
1437	3916	NA
4	1794	848
8091	3054	3679
1849	3054	7612
6184	7374	9004
3072	1505	NA
8593	8063	2320
5454	6315	1874
623	4246	2320
7352	3369	NA
1108	7813	2136
7536	3111	123
7990	7898	2727
5330	7622	181
2820	6007	5811
718	2255	9004
7263	8489	2727
3132	5359	1302
7322	7888	2136
4888	3483	3179
6801	4600	5629
6955	6208	2727
3587	6208	2727
8774	6973	1921
8854	3650	7039
8709	NA	2727
3885	5631	2727
8314	5580	5320
35	7716	NA
7919	256	521
2572	6786	2727
7386	4286	NA
6859	4251	NA
8009	1505	NA
7730	6332	NA
5573	6222	3815
4929	5542	2727
122	3111	2727
3304	6692	2234
8302	7301	5763
4022	3483	NA
7337	6414	NA
4362	6414	4196
3504	229	NA
3170	3637	123
3490	962	7680
5703	5499	NA
6355	5499	3969
4531	5340	2136
2464	2635	2727
38	2823	5320
7610	5340	3737
4315	7888	5811
4575	1969	2234
1843	1969	NA
2420	6325	5978
8067	6006	5811
879	5359	3924
9022	3650	NA
3363	7493	1298
6977	1809	NA
5953	7813	6813
2841	4034	2234
311	6125	NA
5022	3149	NA
2890	8145	3815
8102	2330	3106
7038	7873	7245
2164	5359	3815
8189	968	8527
7101	3594	2727
6381	2623	2727
8191	7008	2727
7254	7219	NA
5278	7374	5019
3004	9021	123
5261	6930	123
3306	5121	7904
4794	4252	NA
1069	3256	5495
4037	2004	NA
4549	1143	481
9029	6306	4196
4110	5033	481
3987	4202	NA
8147	335	4445
3993	2704	3737
8174	6505	6813
7867	3369	2320
6697	2526	6813
1140	7622	NA
5458	3689	5019
8606	6934	NA
5442	3719	NA
4039	1411	NA
4992	4565	2136
5005	7861	123
8012	6007	NA
1902	3916	2727
2302	6208	2727
7347	6069	NA
8823	8973	NA
1068	3871	6217
8989	260	NA
4124	6843	1408
7592	553	NA
7422	1340	5037
6068	7327	4291
3662	553	3869
5042	140	5037
5272	140	5037
2179	5895	6406
8169	260	1202
4274	2975	NA
1762	1543	4077
1788	1725	4478
4299	4092	NA
6470	1829	819
7983	6130	NA
8436	8722	NA
5614	7461	NA
997	2945	NA
3555	5875	NA
3591	6871	NA
3825	6843	1989
1093	1829	NA
5405	553	2835
774	8021	2444
5515	2945	7926
5635	6843	3815
792	1725	5665
4587	5084	4291
6839	8722	NA
2286	2255	2357
2252	2975	1101
8080	2975	NA
6268	4749	NA
7655	2180	8178
173	6843	7904
7118	1829	7233
7494	1725	2727
3352	5331	NA
2683	2945	NA
8042	7488	5546
4975	1829	NA
321	3839	2727
5232	2272	NA
433	NA	8524
8896	2945	NA
5302	6843	NA
3076	4246	8690
5078	2975	374
3381	2255	7152
5095	5331	4196
2599	5960	565
2221	4517	5622
2265	1725	2136
6497	8946	NA
693	7305	3338
2131	1829	2234
8594	7312	NA
6290	179	2520
1831	3281	2185
8607	4807	NA
2718	3328	3817
8177	546	123
1407	7007	2649
6812	5181	7951
5533	4920	6618
2761	4942	8690
7599	8980	2234
2326	677	NA
4503	3637	2535
936	9021	8690
8844	6006	8690
3265	1241	2520
3829	7003	NA
6094	5960	3679
2465	2975	3988
406	1725	3338
7628	4841	7876
5307	7488	2649
5217	4672	6211
4169	2272	4196
8038	2604	2386
6611	869	8524
2933	5177	3338
5067	3839	NA
4568	3785	1018
1052	5859	123
4628	6843	4196
2553	5331	NA
5230	2945	NA
7188	869	NA
3731	1437	3106
882	4888	NA
887	6519	3338
1324	1829	6314
2138	4114	8295
7132	518	8295
1717	3164	2136
992	5312	1018
5759	7990	1343
7084	677	3073
5626	3281	3338
165	4517	NA
853	1515	2417
6625	4807	822
1011	3483	2417
1848	3839	NA
7986	8946	NA
3505	7312	5811
5013	8980	2182
7902	6340	7435
2786	2975	3988
3043	2604	NA
2696	6843	NA
8630	7003	4002
225	5331	3338
7964	8030	1018
7378	5181	2727
8470	4714	NA
3361	NA	4793
262	2945	8061
4182	1725	5811
4999	8605	8690
7085	5960	7876
7390	546	5983
4886	5859	481
6307	2186	1018
2029	4124	NA
4495	173	NA
6754	774	5275
6672	2265	2386
8176	1544	5302
5294	8533	5095
2539	774	NA
2989	2286	NA
3635	173	2136
8922	5635	2727
3782	4517	3076
2380	406	4381
637	1106	5095
345	1505	6094
5982	2286	2649
2565	2272	4628
2485	9021	5302
8556	5067	3106
847	173	4002
4830	2255	6094
2315	5230	NA
3208	2265	NA
4033	774	NA
6968	8896	481
1564	5635	NA
132	7488	5294
