ID	MUMID	FATHER
2857	NA	NA
3914	NA	NA
4412	NA	NA
8158	NA	NA
1353	NA	NA
1042	NA	NA
2537	NA	NA
1607	NA	NA
6400	NA	NA
6549	NA	NA
1195	NA	NA
5585	NA	NA
2654	NA	NA
6621	NA	NA
1781	NA	NA
6403	NA	NA
1900	NA	NA
8944	NA	NA
8182	NA	NA
6776	NA	NA
5797	NA	NA
4506	NA	NA
4049	NA	NA
3214	NA	NA
7583	NA	NA
7541	NA	NA
3600	NA	NA
2293	NA	NA
8848	NA	NA
8634	NA	NA
7613	NA	NA
6850	NA	NA
3018	NA	NA
4715	NA	NA
1654	NA	NA
5576	NA	NA
6348	NA	NA
906	NA	NA
5638	NA	NA
3983	NA	NA
2913	NA	NA
5262	NA	NA
5642	NA	NA
8866	NA	NA
7991	NA	NA
7780	NA	NA
5239	NA	NA
3846	NA	NA
1540	NA	NA
7686	NA	NA
7950	NA	NA
366	NA	NA
5744	NA	NA
1593	NA	NA
8865	NA	NA
9056	NA	NA
5419	NA	NA
17	NA	NA
4230	NA	NA
986	NA	NA
861	NA	NA
1510	NA	NA
587	NA	NA
8669	NA	NA
1529	NA	NA
8209	NA	NA
6858	NA	NA
1142	NA	NA
6778	NA	NA
4747	NA	NA
3027	NA	NA
1207	NA	NA
3766	NA	NA
3559	NA	NA
3112	NA	NA
7201	NA	NA
7421	NA	NA
1375	NA	NA
6300	NA	NA
3644	NA	NA
1334	NA	NA
4521	NA	NA
8836	NA	NA
3316	NA	NA
3707	NA	NA
2457	NA	NA
4822	NA	NA
3603	NA	NA
2741	NA	NA
8108	NA	NA
3682	NA	NA
1622	NA	NA
3568	NA	NA
2097	NA	NA
3267	NA	NA
4558	NA	NA
3065	NA	NA
3464	NA	NA
6027	NA	NA
6182	NA	NA
2809	NA	NA
8654	NA	NA
6174	NA	NA
2982	NA	NA
4000	NA	NA
7122	NA	NA
850	NA	NA
4328	NA	NA
7710	NA	NA
5227	NA	NA
4358	NA	NA
8971	NA	NA
5193	NA	NA
7892	NA	NA
5103	NA	NA
5422	NA	NA
2708	NA	NA
6622	NA	NA
6271	NA	NA
7417	NA	NA
1604	NA	NA
8139	NA	NA
8026	NA	NA
2240	NA	NA
1692	NA	NA
7814	NA	NA
1656	NA	NA
4204	NA	NA
7434	NA	NA
4805	NA	NA
5059	NA	NA
1416	NA	NA
8495	NA	NA
8060	NA	NA
8137	NA	NA
1051	NA	NA
7618	NA	NA
7589	NA	NA
6974	NA	NA
1206	NA	NA
8289	NA	NA
3543	NA	NA
3762	NA	NA
7043	NA	NA
8754	NA	NA
6755	NA	NA
5675	NA	NA
4473	NA	NA
2926	NA	NA
6015	NA	NA
9049	NA	NA
4626	NA	NA
4410	NA	NA
2690	NA	NA
2165	NA	NA
2306	NA	NA
218	NA	NA
2697	NA	NA
4872	NA	NA
117	NA	NA
398	NA	NA
5378	NA	NA
7024	NA	NA
2432	NA	NA
4514	NA	NA
7407	NA	NA
1782	NA	NA
3958	NA	NA
2935	NA	NA
5084	NA	NA
1949	NA	NA
7020	NA	NA
8021	NA	NA
5625	NA	NA
255	NA	NA
8489	NA	NA
2061	NA	NA
7722	NA	NA
4356	NA	NA
6503	NA	NA
2069	NA	NA
2255	NA	NA
4101	NA	NA
7861	NA	NA
4492	NA	NA
7912	NA	NA
1355	NA	NA
2538	NA	NA
6389	NA	NA
7591	NA	NA
7136	NA	NA
6930	NA	NA
2098	NA	NA
1083	NA	NA
7483	NA	NA
3252	NA	NA
4942	NA	NA
962	NA	NA
7585	NA	NA
3781	NA	NA
6753	NA	NA
46	NA	NA
4379	NA	NA
6351	NA	NA
3495	NA	NA
1868	NA	NA
2109	NA	NA
3447	NA	NA
8053	NA	NA
8595	NA	NA
2059	NA	NA
1504	NA	NA
8632	NA	NA
5783	NA	NA
1299	NA	NA
4751	NA	NA
3701	NA	NA
2135	NA	NA
3379	NA	NA
1678	NA	NA
2067	NA	NA
643	NA	NA
1032	NA	NA
7670	NA	NA
794	NA	NA
8426	NA	NA
958	NA	NA
7531	NA	NA
7865	NA	NA
4385	NA	NA
1071	NA	NA
2939	NA	NA
5705	NA	NA
891	NA	NA
36	NA	NA
7212	NA	NA
6399	NA	NA
7485	NA	NA
619	NA	NA
3349	NA	NA
5730	NA	NA
5892	NA	NA
2605	NA	NA
1555	NA	NA
7772	NA	NA
3077	NA	NA
4512	NA	NA
3541	NA	NA
7552	NA	NA
2626	NA	NA
6446	NA	NA
843	NA	NA
655	NA	NA
3553	NA	NA
1488	NA	NA
8497	NA	NA
1658	NA	NA
3123	NA	NA
8254	NA	NA
1514	NA	NA
4869	NA	NA
6528	NA	NA
8584	NA	NA
8162	NA	NA
221	NA	NA
873	NA	NA
4353	NA	NA
2691	NA	NA
3552	NA	NA
4678	NA	NA
2282	NA	NA
8225	NA	NA
340	NA	NA
4421	NA	NA
8498	NA	NA
1863	NA	NA
5140	NA	NA
7183	NA	NA
624	NA	NA
5373	NA	NA
4388	NA	NA
8787	NA	NA
5989	NA	NA
8756	NA	NA
874	NA	NA
8749	NA	NA
3276	NA	NA
1175	NA	NA
3279	NA	NA
7955	NA	NA
9051	NA	NA
3000	NA	NA
8530	NA	NA
8962	NA	NA
7045	NA	NA
8513	NA	NA
7468	NA	NA
4456	NA	NA
6380	NA	NA
376	NA	NA
5684	NA	NA
7064	NA	NA
7121	NA	NA
3010	NA	NA
4864	NA	NA
5321	NA	NA
3562	NA	NA
467	NA	NA
7683	NA	NA
2181	NA	NA
466	NA	NA
3783	NA	NA
1583	NA	NA
6724	NA	NA
8916	NA	NA
1526	NA	NA
8326	NA	NA
3153	NA	NA
30	NA	NA
8691	NA	NA
5676	NA	NA
1443	NA	NA
3250	NA	NA
6936	NA	NA
6119	NA	NA
8143	NA	NA
1953	NA	NA
319	NA	NA
205	NA	NA
5837	NA	NA
8840	NA	NA
1727	NA	NA
267	NA	NA
3820	NA	NA
763	NA	NA
6269	NA	NA
575	NA	NA
7904	NA	NA
5986	NA	NA
2108	NA	NA
383	NA	NA
8192	NA	NA
7044	NA	NA
4077	NA	NA
5699	NA	NA
2532	NA	NA
5582	NA	NA
1202	NA	NA
3642	NA	NA
4161	NA	NA
4802	NA	NA
4106	NA	NA
4761	NA	NA
486	NA	NA
2557	NA	NA
8058	NA	NA
6791	NA	NA
2185	NA	NA
8178	NA	NA
4494	NA	NA
481	NA	NA
5629	NA	NA
6181	NA	NA
1524	NA	NA
7006	NA	NA
956	NA	NA
3679	NA	NA
7876	NA	NA
6787	NA	NA
7039	NA	NA
2830	NA	NA
9037	NA	NA
7804	NA	NA
7612	NA	NA
3179	NA	NA
4138	NA	NA
7951	NA	NA
4951	NA	NA
8394	NA	NA
69	NA	NA
7099	NA	NA
2175	NA	NA
1919	NA	NA
6270	NA	NA
6314	NA	NA
7063	NA	NA
8938	NA	NA
4317	NA	NA
5976	NA	NA
5441	NA	NA
103	NA	NA
7472	NA	NA
2805	NA	NA
6736	NA	NA
4731	NA	NA
9010	NA	NA
6131	NA	NA
4171	NA	NA
1287	NA	NA
7362	NA	NA
1208	NA	NA
803	NA	NA
279	NA	NA
5998	NA	NA
6694	NA	3379
426	NA	1678
276	NA	2067
4868	NA	1678
1477	NA	643
1271	NA	1032
3098	NA	7670
8428	NA	1678
7191	NA	794
5345	NA	1678
1533	NA	1678
4717	NA	794
8375	NA	8426
4189	NA	958
6390	NA	8426
4788	NA	7531
6943	NA	1678
2242	NA	8426
7116	NA	7865
7602	NA	4385
6336	NA	1071
8619	NA	1032
3757	NA	2939
6792	2857	NA
4820	3914	NA
6365	4412	NA
3514	8158	NA
8835	1353	NA
8328	1042	NA
6486	NA	5705
7010	2537	NA
695	1607	NA
240	6400	NA
552	6549	NA
395	1195	NA
6102	5585	NA
3948	2654	NA
339	6621	NA
821	1781	NA
7284	6403	NA
4580	1900	NA
7411	8944	NA
8872	2857	NA
8356	2857	NA
1466	8182	NA
3678	2537	NA
1893	6776	NA
1376	5797	NA
1581	4506	NA
7244	3914	NA
4142	4049	NA
1309	3214	NA
6361	7583	NA
410	7541	NA
4296	3600	NA
461	2654	NA
7512	2293	NA
5437	8848	NA
7112	8634	NA
6818	7613	NA
8194	1195	NA
7364	6850	NA
1657	1900	NA
404	3018	NA
6675	1042	NA
1738	4715	NA
5368	1654	NA
8251	5576	NA
6901	6348	NA
2983	906	NA
6584	5638	NA
4467	3983	NA
3129	2913	NA
2583	5262	NA
1264	6621	NA
439	5642	NA
2154	8866	NA
3616	7991	NA
2207	7780	NA
3566	5239	NA
4606	3846	NA
8455	8866	NA
4809	1540	NA
8312	7686	NA
1931	7950	NA
4945	366	NA
4233	5744	NA
1211	1593	NA
7765	8865	NA
5035	6403	NA
5916	8865	NA
8663	9056	NA
5559	5419	NA
7849	17	NA
1050	17	NA
9019	4230	NA
7923	986	NA
568	861	NA
893	1510	NA
2894	587	NA
1055	8669	NA
6530	1529	NA
5494	8209	NA
1000	6858	NA
2682	1142	NA
5488	6778	NA
4532	4747	NA
4742	3914	NA
1614	3027	NA
4105	6850	NA
6379	1207	NA
1199	2537	NA
5766	3766	NA
4220	8182	NA
6620	3559	NA
487	1900	NA
3457	1042	NA
6741	6621	NA
3850	1607	NA
7174	3112	NA
6784	5419	NA
6018	2654	NA
1623	7201	NA
2482	8669	NA
5950	7421	NA
2814	1375	NA
7243	5239	NA
8707	7780	NA
5561	6300	NA
1021	3644	NA
4316	1334	NA
8919	8865	NA
7097	4521	NA
1714	5262	NA
2792	1142	NA
4257	4412	NA
2851	7201	NA
1198	8836	NA
6464	3316	NA
987	3707	NA
7371	2457	NA
7952	4822	NA
7339	3603	NA
1229	1781	NA
8415	587	NA
6610	2857	NA
8567	1510	NA
8766	7686	NA
3878	NA	891
2665	2741	NA
8321	5642	NA
1107	8108	NA
1916	8866	NA
6831	3682	NA
8734	1622	NA
8307	3568	NA
8287	2097	NA
7396	1353	NA
8481	3267	NA
1464	4049	NA
3259	6776	NA
7791	17	NA
6460	17	NA
8645	4558	NA
7930	8848	NA
1126	3065	NA
1903	4506	NA
2550	6778	NA
6726	6858	NA
2168	3464	NA
1552	5585	NA
5822	7991	NA
2321	1529	NA
360	6400	NA
1716	6027	NA
3402	2913	NA
5972	986	NA
7081	986	NA
8958	6182	NA
8129	4412	NA
8347	1781	NA
1709	2913	NA
6060	6300	NA
2459	1334	NA
4547	3983	NA
5820	2809	NA
5760	8654	NA
4733	1510	NA
6563	2654	36
2449	3027	NA
6459	6174	36
3832	4715	7212
447	1353	6399
1090	6027	NA
2715	1042	NA
6335	8848	NA
599	1607	NA
6163	3065	NA
5545	1900	NA
6025	1900	NA
5535	4049	NA
8093	3464	7485
3481	6850	NA
1235	6778	NA
8028	7122	NA
6288	850	NA
4555	3603	NA
4463	4506	36
1474	8865	619
2013	8865	619
6452	4328	NA
1600	1195	NA
1952	8866	NA
5921	7613	NA
3991	2457	NA
479	3707	NA
3094	5262	NA
3313	5262	NA
4757	7710	NA
6076	6300	NA
102	5227	NA
5396	4358	NA
8483	8971	NA
6401	7421	NA
3680	8836	NA
6950	5193	NA
4020	7780	NA
8629	1622	6399
2353	7892	NA
4551	6182	NA
4849	2741	NA
2817	5103	NA
4871	6858	619
8981	6621	NA
7611	5422	NA
2633	5642	NA
3046	1207	NA
31	2708	NA
3489	7541	NA
4836	7613	3349
6783	6622	7212
4989	NA	2605
4962	2457	2605
2303	NA	2605
5008	3914	NA
567	4715	7212
2510	2537	3349
7447	6400	NA
154	3316	NA
5745	NA	5892
6567	NA	1555
1274	2857	3349
556	8158	619
427	NA	36
1783	1375	NA
4271	NA	6399
43	8182	NA
7041	3846	36
4956	8108	6399
5440	587	3349
5850	3267	7772
8369	1622	NA
3107	8669	NA
7478	2457	NA
1119	8971	NA
2483	7892	NA
5587	3707	NA
8580	587	NA
4908	6182	NA
6146	3559	3349
4996	7417	NA
854	7417	NA
6685	3603	NA
2084	4506	NA
5590	3766	NA
5868	4358	NA
6444	4715	NA
4567	6850	NA
7783	3707	NA
3787	3027	NA
4460	3027	NA
6124	1604	NA
8336	1353	NA
6984	2741	NA
7639	6174	NA
6805	3644	6399
1618	2809	NA
714	4049	NA
3947	7421	NA
4254	NA	4512
6756	1207	619
6011	1042	NA
8795	1042	NA
5697	2982	NA
362	8139	NA
2148	3065	NA
3808	6778	NA
8538	8026	NA
6474	8108	NA
8903	8108	NA
3177	3267	NA
5004	5585	NA
4673	4328	NA
715	7541	1555
682	3464	NA
7319	6271	5892
4480	4000	NA
8290	4000	NA
1393	4412	NA
5810	5193	NA
3756	6027	NA
5804	6858	NA
7036	7991	NA
6938	1692	NA
5080	1692	NA
2778	7814	NA
1054	1656	NA
4543	1622	NA
5234	1622	NA
3470	8836	NA
8019	1529	7212
380	7710	NA
2771	4204	NA
4653	7434	1555
2842	4805	NA
7463	1334	NA
5824	8654	7772
3938	4822	3349
8717	2913	NA
7155	2654	NA
3503	3316	NA
3014	5059	3541
4648	1416	NA
4294	8495	NA
8771	2457	NA
8724	2457	NA
2818	8060	NA
3732	8060	NA
5971	3846	NA
6343	8182	NA
6615	3983	NA
7499	1375	NA
5412	5642	NA
3986	8848	NA
2812	5227	NA
2128	7780	2626
795	7613	2605
1260	NA	7212
2466	5103	NA
2650	8137	NA
74	1051	NA
5819	4506	NA
8449	7541	619
26	6621	NA
2542	5103	NA
3016	6271	NA
6177	1207	NA
5383	2240	NA
844	6174	NA
3688	3983	NA
8968	4328	NA
8500	7434	NA
2376	6850	2605
2399	7710	7552
5293	3846	NA
8086	8848	NA
1884	1607	6446
1072	3065	NA
3500	7618	NA
3849	2913	NA
3048	6858	NA
7704	3914	3541
4579	3464	NA
455	6027	NA
473	8108	NA
8401	7589	NA
3174	4000	NA
6835	7780	NA
4057	1206	843
6161	7201	NA
899	NA	3077
6158	8971	NA
3376	6778	655
2476	5642	1555
3659	1529	7485
7424	8669	1555
8427	1900	5892
7068	1622	NA
4384	1375	NA
511	5193	NA
7840	2857	NA
4276	4000	NA
6777	4358	NA
3975	5422	6399
2931	NA	1555
2724	1051	7485
7571	2982	7212
7369	2654	NA
3716	850	NA
7467	2654	NA
3515	3543	NA
7297	6027	NA
8633	8971	NA
8610	6271	NA
6282	7892	NA
7850	6621	NA
3777	8289	NA
8874	7814	NA
7429	3464	NA
959	1781	NA
4773	6974	NA
4436	6974	NA
5829	3707	NA
5474	3707	NA
4896	7892	NA
1824	3603	NA
3525	6027	NA
437	6027	NA
1499	7589	NA
2184	4358	NA
5531	3983	5730
2177	5422	NA
1763	4049	3123
2764	4506	NA
1684	4000	NA
5361	3762	8254
5191	8108	1658
2044	8108	1658
3533	1622	NA
1598	5103	1658
7261	2240	843
1764	1051	1488
3668	7541	NA
3439	1529	NA
6273	1607	NA
6260	7780	NA
5287	3846	843
7153	4822	NA
3675	1375	NA
8720	2537	843
1284	6778	NA
8486	5193	NA
2579	5193	NA
5153	3316	4869
8841	4328	NA
870	3762	8254
1576	1622	NA
7221	7434	1658
6765	7434	1658
96	2654	4869
8234	2913	NA
8341	NA	843
5344	8754	NA
7937	7780	NA
5483	3464	NA
3423	3464	NA
2971	5422	NA
2078	3065	NA
6830	3707	NA
603	3707	NA
5691	1206	NA
4144	1781	NA
908	7618	NA
3015	2857	843
3943	6755	NA
1976	2240	NA
8015	5193	NA
1169	NA	6528
3171	6621	8162
5167	1622	NA
4085	2982	843
6454	4000	6528
6946	4000	221
5151	5103	NA
662	6850	NA
2103	6850	NA
1651	3983	6528
3508	8848	NA
8256	8848	NA
5040	7541	NA
5427	4822	NA
1917	4822	NA
7936	8108	4869
6838	8108	NA
2897	6858	NA
109	8669	3552
1321	1529	NA
1800	2913	NA
6419	1142	5892
2959	7892	NA
6706	7892	NA
6153	7201	843
8541	2537	843
2062	7710	NA
8398	7710	3123
8812	3846	NA
4176	NA	8584
6214	5675	NA
3137	1607	NA
7852	2654	NA
5250	2982	NA
4781	7541	NA
7931	7201	NA
1424	7710	1488
8600	1900	6528
6547	3846	2282
7157	1375	NA
7839	7780	NA
9040	4473	NA
2070	2926	NA
6058	1206	4421
3834	5193	1863
8357	4822	NA
7812	NA	4869
3957	3603	NA
7373	3603	NA
5297	NA	4869
6295	3464	NA
2921	6027	NA
5231	NA	5140
572	NA	4353
4702	NA	873
3236	8289	NA
571	8108	4353
7397	8108	4353
1992	5422	4869
6033	7201	NA
2919	6858	4869
5115	6858	4869
1864	7434	8498
1498	8754	NA
2607	7892	NA
2450	9049	NA
2002	1607	340
484	4626	7183
6142	8289	NA
762	8289	NA
6600	2240	NA
1535	2240	8497
4813	7710	8497
4081	7710	NA
8482	7434	5373
6978	7434	8497
5550	2982	8497
209	1375	8787
7451	6858	624
8	1529	NA
140	1529	NA
4262	8108	NA
8310	3983	NA
1676	NA	5373
1328	4410	5730
2781	NA	1863
3117	NA	4869
2488	1607	8498
2359	4473	NA
1942	4626	8756
6448	2982	340
6417	4410	8749
8082	NA	1863
765	NA	1175
5283	NA	1863
6917	6858	7955
1757	4626	843
7213	2690	NA
3461	6015	NA
7916	NA	3000
8939	NA	8497
5689	NA	624
1473	NA	2691
8961	NA	1863
3859	NA	3279
158	NA	7955
8115	8289	NA
3775	2926	NA
5897	4626	NA
6330	2240	376
2280	218	NA
3512	6015	8749
2915	2697	8749
7165	2697	8749
729	4872	4388
457	4872	NA
917	1529	8749
7100	NA	3279
6542	NA	8530
805	2697	NA
8849	2697	NA
2324	NA	7045
1722	NA	376
6870	2432	NA
3624	4514	NA
7320	7407	8530
1486	4626	NA
7420	NA	8530
3897	NA	7183
5967	NA	3279
3978	NA	7183
2891	NA	6380
3241	NA	7045
7480	NA	7045
6548	3958	NA
657	3958	NA
3401	2935	4456
6346	6015	4864
7856	5378	4864
6920	7020	643
5752	7407	9051
2828	NA	7064
8025	NA	6380
2592	NA	2939
8514	NA	2939
6107	7020	8916
6382	2697	NA
1935	2697	NA
1001	6015	7531
7760	4514	NA
928	NA	3153
5284	NA	7531
6767	NA	1678
7999	NA	1678
8193	NA	467
786	NA	8426
6844	6015	8426
5202	NA	2067
6704	4514	NA
6538	NA	3379
357	5675	NA
4965	7020	NA
3167	NA	30
6134	NA	7865
8170	NA	7183
8279	NA	205
6515	1206	NA
3556	850	NA
4065	1206	NA
4919	5422	NA
253	1781	NA
935	3316	NA
6441	8021	NA
3502	8021	NA
3222	7020	NA
5148	4514	8691
28	4514	1443
8677	5378	NA
4907	5378	NA
8171	5084	NA
7415	5084	NA
1680	2306	NA
793	218	NA
7057	5625	NA
6051	5625	NA
1227	2306	NA
939	2935	958
5806	1782	NA
8322	2697	NA
8698	5378	6936
7507	NA	8326
361	NA	7670
2115	NA	267
7185	7020	1526
8547	5084	2108
5097	1949	NA
4113	2306	NA
7733	4514	NA
6266	8021	NA
151	2061	NA
2486	2061	3379
1478	5625	NA
7401	NA	8192
2567	NA	1953
7040	NA	575
5932	NA	319
1660	NA	7531
5811	NA	2939
3228	2306	NA
72	NA	2532
7135	4356	319
7529	6503	5837
2866	7722	NA
8404	218	NA
734	2061	NA
7279	NA	4761
5522	NA	2067
5604	NA	4385
129	NA	486
6688	NA	7468
2182	NA	6119
2536	8021	NA
2296	8021	NA
6044	NA	7531
3068	NA	7683
202	NA	2939
8061	NA	794
3988	NA	6119
1302	NA	4494
5275	NA	4494
5110	8489	4385
1020	4101	7044
6742	5084	481
5944	NA	956
2194	NA	575
1357	NA	3679
8603	7861	8058
6799	6503	NA
3657	6503	383
903	2069	8058
4897	8021	7044
6892	4492	7039
6618	1355	7044
822	NA	8178
5339	NA	8178
7296	NA	9037
2058	7912	NA
8793	1355	NA
3057	2538	7039
5087	7591	4951
297	6930	NA
8817	3252	3642
6050	NA	7904
8508	NA	8394
2423	NA	481
1909	NA	5629
5765	2098	NA
1075	7585	NA
2850	7722	NA
2529	6503	NA
6885	4101	NA
1430	3781	6270
4695	962	5629
6644	NA	5441
7452	6753	NA
6020	46	7099
1432	4379	1919
4498	2098	NA
3856	7591	NA
2596	7591	NA
6712	NA	7039
8554	NA	5629
4759	NA	103
885	NA	7472
8459	2697	NA
7646	6015	NA
1480	1782	NA
2889	7407	NA
6586	3495	NA
8320	1868	NA
8985	2109	NA
2949	3447	NA
2523	8053	NA
1970	8595	NA
2478	2059	NA
463	5084	NA
5404	1504	NA
5382	7483	NA
219	6753	1208
7870	46	NA
7147	5783	69
1076	6351	NA
7946	4379	NA
6872	1083	NA
1070	2098	NA
6358	6389	NA
6869	1355	NA
4133	7861	NA
7410	NA	5629
2361	NA	1919
2508	NA	1919
1004	NA	103
6047	3701	NA
8715	NA	6131
343	NA	103
305	NA	5629
4089	6930	6270
6418	6351	NA
8651	NA	7157
7533	NA	5231
352	NA	5231
8144	4820	NA
5861	395	NA
3350	695	NA
33	6792	NA
308	6792	NA
3001	3514	NA
5469	4820	NA
2318	8835	NA
2157	821	NA
1509	552	NA
6028	695	NA
164	6102	NA
3482	240	NA
7482	3948	NA
105	6365	NA
48	1198	NA
1482	3766	6620
4675	2792	7010
4047	4820	NA
615	4820	NA
4638	552	NA
5012	2682	5705
3532	1916	NA
7075	4742	6018
91	6792	NA
2843	8835	NA
7283	8567	NA
804	2982	7010
6375	695	6399
8389	695	8919
8792	4000	7010
4151	4000	7010
3330	3948	619
7564	3514	NA
6108	8866	8328
3818	3112	6018
4903	1199	3349
3280	6464	NA
5646	1107	NA
8830	6365	NA
3545	2814	NA
4341	3457	NA
2627	5950	5730
6687	240	NA
8472	7421	8328
4302	339	NA
1911	821	NA
8686	8958	NA
459	6102	NA
7230	1714	5892
157	487	36
5534	8321	NA
5536	5561	NA
8359	987	NA
6911	4822	8328
8788	3559	5766
2675	5585	8328
9017	6271	7010
668	1529	8328
2199	6831	NA
8185	6365	NA
6700	7339	NA
7776	1264	NA
207	1264	NA
4823	339	NA
1836	5950	NA
8811	4463	NA
2381	8093	NA
8355	8321	619
6576	5545	NA
3362	8835	7010
563	2857	6486
2332	6792	NA
2987	6850	2482
2050	3457	NA
7388	339	NA
6022	1623	NA
2713	1353	7010
4516	1199	619
8395	6831	NA
2732	447	3077
2474	1107	NA
2721	4820	NA
1386	5921	NA
6195	NA	8328
224	1090	NA
2745	3514	36
5696	3832	NA
8485	487	NA
5957	2814	NA
5453	2665	5892
8370	1916	NA
8264	1198	6399
8753	599	NA
1252	7339	NA
7028	2240	7010
5874	2240	7010
1440	2537	8328
3192	695	7010
2156	695	2605
5672	6335	NA
8551	2633	NA
7517	6102	NA
1228	240	619
6589	987	NA
4401	1142	8328
2269	6464	NA
3354	8981	NA
3520	6452	NA
1778	5561	NA
7738	3112	7010
699	1714	NA
5291	556	7212
6748	3948	NA
7473	NA	8328
4607	8958	NA
2797	8567	NA
8525	1235	NA
8683	6621	7010
5196	4871	NA
5481	1510	2482
8824	8158	7010
4596	43	NA
3023	5396	NA
7148	2792	7552
3374	1783	NA
7842	6400	6620
8479	4820	NA
692	552	8328
2780	1607	7174
6908	2682	NA
7793	8028	NA
1828	5008	NA
3394	1274	NA
2836	8734	NA
530	4555	NA
2507	4836	NA
6628	3832	NA
4156	552	NA
2963	6300	6620
1926	6792	NA
3921	1622	7010
8043	6102	NA
2753	4871	NA
7163	8567	NA
5601	8108	8328
6840	7892	4956
8700	556	NA
3895	6974	7010
6228	6831	5705
6264	NA	8919
1372	43	4956
6993	NA	8919
976	4822	1229
2048	4820	NA
8810	240	NA
7908	821	NA
5621	3603	7174
3926	8835	NA
5879	8321	NA
3998	2537	8328
580	1142	7174
5246	8019	NA
753	447	NA
1185	2633	7010
316	8028	6025
1303	8289	8919
2105	8289	8919
1014	1916	7010
9042	6365	NA
4335	5008	NA
2163	8093	1229
5104	3948	3553
6715	3948	7212
8417	695	NA
1419	NA	8328
3758	4820	NA
6039	8734	NA
42	2665	NA
4157	1107	NA
5006	4836	655
5527	339	NA
4409	4820	NA
8452	4836	7010
5028	4871	1488
6487	4871	8497
8035	821	7010
1568	8835	843
8873	1260	7010
2230	6161	7010
6562	3832	1658
4762	8321	7041
5342	8848	7010
3215	6850	1884
6451	715	NA
3604	4000	7010
938	2982	7010
7956	240	NA
64	1916	427
4140	1916	NA
6919	7499	427
8161	3986	1514
2700	6858	7041
6960	6102	1488
525	7043	4956
5052	556	5730
5608	1206	8369
315	511	4271
5795	1107	NA
244	1107	NA
8772	2682	1488
1962	2682	NA
2258	3048	NA
7014	8567	5730
975	1142	427
578	3659	NA
8555	8427	843
3697	43	843
425	552	5745
8598	5642	4956
5938	NA	7010
1293	NA	5745
8293	2665	7010
7246	NA	7010
8742	844	NA
8617	NA	5850
8712	NA	7041
7751	6365	NA
6226	8669	5745
4430	7840	8369
476	3376	NA
8965	6300	7010
8364	695	NA
7303	4822	7010
1805	556	5730
6026	8848	7010
2134	6831	1658
7034	6174	4956
3432	6102	NA
7779	695	NA
1288	2913	4271
3995	1142	5745
5325	795	4271
6215	5440	7704
465	2476	8584
4153	1783	7010
6639	8500	NA
51	7068	3174
1637	5293	NA
8335	2184	NA
4184	987	NA
148	715	NA
5228	8289	427
1565	6755	7010
2392	844	NA
2564	339	NA
1571	4820	NA
384	2240	4271
4488	6792	NA
7506	6792	8369
3437	3376	8369
2102	7261	NA
5374	6161	NA
2382	6161	NA
7584	6174	2376
8505	7221	NA
5894	2633	427
6745	2633	427
4619	6765	NA
1307	7434	3688
3968	7434	3688
5426	8835	NA
5876	8321	3688
5959	6027	1884
4599	695	843
1653	695	NA
2863	1622	7010
4019	7840	8369
7688	7068	NA
3912	3832	1488
1136	6831	873
7124	1916	7041
564	1916	4353
8134	3668	NA
8072	795	221
6232	1260	NA
4879	1375	7041
6113	2476	843
4798	6102	899
8659	3762	3174
431	556	4869
4326	556	NA
1220	3948	NA
5119	2665	NA
2597	5642	8369
4861	3986	NA
4440	3986	NA
736	4871	1884
5832	6158	843
914	1783	NA
6140	7499	NA
3491	8567	NA
7495	2682	1884
7029	1107	427
4557	511	7010
1341	43	NA
3143	6282	NA
34	1274	5850
3364	3316	7041
2559	552	6528
8423	5440	1884
798	7424	NA
4669	5153	4579
4275	6778	4579
2226	8754	899
1236	1207	7010
1366	8734	4956
7601	5287	5850
5479	3048	NA
7235	NA	899
6536	NA	455
4775	1576	NA
6966	240	NA
4374	7424	NA
3308	821	NA
4076	2682	3533
2497	6778	4271
937	339	7010
6500	7068	4271
4135	7840	4271
1966	6282	7041
7140	6161	873
1221	2240	4579
27	2240	4579
8563	3832	7010
2522	6158	3943
4343	43	2282
5233	695	7153
6580	5642	5850
6507	7541	3500
8050	1916	NA
6257	795	843
6428	1607	4271
7379	7221	NA
4256	6765	340
6384	5440	1514
5773	8321	7041
2316	6831	NA
3765	3983	1884
2028	6102	1884
5470	1529	4271
2116	8567	8498
6914	1783	NA
6860	2633	NA
4050	1107	NA
2663	240	NA
3801	2476	427
2742	7892	455
3162	3986	4271
6664	3659	8584
7596	1260	4579
7894	5287	1884
1074	1274	NA
5776	4328	427
1645	556	8497
194	3316	1884
7387	715	7153
75	NA	427
8152	NA	5850
3075	3514	221
867	556	NA
916	4871	NA
7095	NA	2376
3634	8289	7041
3923	3015	473
541	8835	8369
6577	8835	5850
8993	6153	3500
6601	4000	1884
6959	4000	1884
8647	7499	NA
1823	1321	8584
608	2982	7041
7066	7937	1884
3069	4871	NA
3876	6946	NA
5500	3048	2691
7013	2062	NA
6837	715	NA
8655	6158	NA
5336	6282	NA
8376	8835	2177
6975	1576	4388
215	1576	4869
901	6765	NA
3989	552	4271
923	552	4271
2095	6214	5730
13	6161	NA
7102	339	NA
7087	339	NA
4535	7840	7183
2776	3015	NA
7663	2062	5373
7881	3376	NA
5633	6792	NA
3735	7424	8254
373	8321	5373
6717	6102	96
7638	1916	8497
6292	6778	7010
6110	3137	NA
44	4328	7010
4691	3659	NA
6252	2476	NA
5577	4473	7850
2861	1107	1884
4679	4871	4869
1224	4871	843
1371	2665	7010
4191	2665	1284
5164	6027	7010
5431	6027	7010
8894	795	8720
1048	43	5989
5709	43	8497
5318	6858	8720
2787	8734	4869
7077	8234	4271
4306	8841	5373
8689	6706	473
745	5675	473
2119	1783	5373
1057	5193	7850
7770	556	4869
8274	556	4869
1753	240	NA
3458	8567	8720
4031	8108	4956
5295	5287	1884
300	4836	8369
1422	7499	8497
5831	5440	5730
6825	8541	NA
2190	4822	1884
3918	NA	4956
6575	3914	473
8333	8234	4271
7532	7780	473
3872	2070	NA
4292	4781	4869
4414	7201	1284
298	7221	NA
6684	5691	473
3315	3015	NA
2160	7068	96
3294	2476	1884
5329	4085	473
4618	3137	7850
2364	1916	874
7975	3376	NA
7778	1576	NA
5801	1576	NA
8877	2926	4271
3667	6102	4271
2752	7434	8369
6008	6946	8749
4476	8234	96
831	8234	8498
9005	4871	NA
7238	7780	473
741	7499	874
4576	5675	8720
957	795	473
8237	6214	NA
5133	6831	427
1115	3986	NA
7431	8567	8749
7042	8567	8749
5770	556	8720
3696	43	NA
5213	43	NA
1105	240	473
5433	2665	427
2811	6161	427
2801	6282	NA
6501	1783	1284
876	4836	1284
6103	8841	1884
5843	8841	1884
8773	8341	NA
2276	3834	NA
8759	7931	1884
7110	1529	8369
7202	8321	473
5377	7424	NA
6009	695	8369
8242	3846	473
2026	8734	1284
3262	1260	7850
8825	9040	7850
274	NA	3533
6035	8289	4271
1682	7840	NA
8623	3834	1284
2960	1321	NA
7939	2070	4869
5505	6765	3533
2113	4781	4869
3990	7221	5250
2886	7068	4271
4666	3832	5730
3499	2070	NA
7510	5691	NA
6171	3015	5989
7982	7931	1884
2997	3137	843
8901	3376	5231
5663	1916	4869
8372	1916	4869
3221	6831	NA
2899	NA	1884
2274	8567	427
3867	5287	5231
8416	8341	NA
415	7424	8749
2961	140	1284
6516	8600	1884
8098	7499	96
2463	8541	NA
889	4822	1884
3367	7373	1284
1881	3659	8749
3869	3117	7850
5410	3668	4271
7642	1260	473
4261	1321	1884
6256	NA	8369
721	NA	4271
1425	NA	1884
5186	5691	NA
1697	NA	1284
3547	8289	7850
3455	5550	1284
4804	8082	1884
7298	1107	NA
1200	8427	NA
23	7424	7955
706	8567	NA
4096	6158	NA
983	765	NA
3584	1916	7850
1579	1916	7850
5922	4781	3675
8337	7221	NA
5761	6765	1284
108	3668	NA
4546	2070	NA
4129	762	NA
5729	3659	NA
5579	795	NA
6447	3015	NA
4728	7840	1284
3661	3376	572
4887	3137	NA
3654	3659	NA
3231	8600	1284
1663	8600	1284
7697	4836	7045
8160	7068	8749
1253	8341	NA
6439	3834	NA
8858	1321	NA
8748	3986	4421
2487	6102	5231
2057	556	6380
4167	1260	5684
5666	4085	2067
4949	6058	NA
5644	7373	7850
347	140	7955
8732	NA	572
5313	1783	NA
8685	6706	NA
8122	6831	7183
2656	117	1284
3007	3832	7850
4756	4822	5231
8400	5287	3010
1516	NA	3675
3539	5691	8513
1639	7451	6380
8453	556	5231
4693	6161	4388
3356	762	8749
2717	3832	2921
3965	3832	2921
8309	7221	7850
188	5691	8749
6627	6158	NA
8875	7931	8749
8358	7068	5250
2495	3137	2921
5143	8600	1284
4041	398	5231
999	398	5231
3613	3659	NA
3881	795	7850
8970	2062	NA
5343	7840	NA
3329	7840	3461
67	8567	4388
6912	8734	NA
7318	1260	7955
1431	2165	4702
1845	7373	NA
5126	1783	3276
752	1107	4864
4994	8541	5297
3804	7424	3000
8757	NA	572
6137	3376	NA
3318	3376	NA
5394	3376	5297
5380	762	6380
3311	4085	NA
1940	5378	96
4289	5550	5297
5099	3668	8426
933	5691	5231
1789	5675	96
3622	2476	NA
7943	795	5297
1438	8234	NA
3906	2070	NA
6085	2432	6542
4026	8341	8530
3630	7373	NA
1056	1783	8513
2225	1782	2781
7313	4626	96
1867	8082	NA
6880	7424	NA
4336	8541	5297
2100	6015	5283
1908	140	8530
5934	3117	6724
5509	6058	NA
3903	4384	NA
6139	2306	3897
2611	6765	5231
6788	5550	9051
6626	2062	4456
7385	4085	9051
6733	140	NA
730	8341	8513
6412	5689	8426
7736	4781	NA
586	7373	NA
3111	4085	5684
2952	5550	NA
6164	5550	9051
2846	6765	8426
1602	2062	NA
7633	4781	5231
3036	140	8691
8853	5691	5676
1265	6058	3379
4395	NA	5231
3925	NA	5231
4621	6765	643
8789	4085	NA
2868	NA	2280
8536	6346	8143
630	7760	643
5647	5550	7157
6391	5084	7999
8363	8341	NA
5376	7760	NA
1459	5752	NA
748	140	2891
3700	8341	NA
7877	2062	267
1756	5691	NA
8386	6058	NA
4070	8082	643
1703	5689	NA
5901	NA	8193
2509	5752	NA
7249	7760	NA
1597	140	6119
3712	NA	6688
2246	5752	7044
688	NA	8061
8044	4514	7999
1112	4514	7999
2840	NA	202
7288	5097	NA
1080	7760	NA
1490	6503	5522
4674	7760	8192
2300	NA	2182
2862	NA	7040
6802	7057	6688
4166	NA	202
5688	5752	NA
6739	NA	1764
5983	NA	7999
3812	NA	5811
7498	NA	7999
3598	8489	1302
648	6441	2182
3803	7722	5275
4828	7057	NA
955	2194	7044
7113	NA	8061
6466	NA	7999
3152	NA	361
8984	NA	7999
3393	NA	1478
6003	NA	8025
3251	6441	8061
5564	2194	1302
6483	7861	1478
1493	8603	NA
5096	6389	1302
166	2098	7999
2549	7483	8061
2442	NA	2182
120	NA	7296
3257	8489	1302
4112	8603	5811
200	NA	5811
2613	NA	8061
8658	6441	1478
3206	903	5275
1832	962	1302
8665	6351	8061
356	NA	5275
4248	NA	1302
7634	NA	5811
5088	NA	1302
7962	NA	1302
7175	6765	NA
5471	4085	NA
8758	8082	NA
4084	6058	NA
7976	5691	NA
4198	2062	NA
3845	6548	NA
8294	5550	NA
6564	6346	NA
7325	4788	NA
7204	1533	NA
1765	7191	NA
1693	8428	NA
2267	1477	NA
6751	276	NA
4874	6694	NA
3549	7185	NA
5254	255	5811
2343	255	5811
2673	NA	885
2772	5440	NA
1278	1142	7174
3453	715	NA
3946	2194	NA
2146	6892	6131
2930	8603	NA
2615	2538	5339
1729	2194	6270
2016	2135	5339
8461	903	NA
7481	1299	5339
1537	NA	5339
4091	1432	NA
3154	NA	3925
1161	NA	415
8036	4302	NA
5737	6375	NA
1304	7075	NA
7033	7776	NA
5887	668	NA
6201	7230	NA
1403	7564	NA
8568	6108	NA
5391	1911	NA
3902	9017	NA
7740	4302	NA
712	7230	NA
8200	6271	3818
4349	2843	7010
3893	4302	NA
1315	7230	NA
1733	7230	NA
4143	7842	NA
1423	1900	6264
1710	6840	8144
6979	3926	NA
3472	8810	NA
7816	7908	NA
600	5879	NA
250	692	427
8465	1372	NA
8133	6792	6195
627	2963	NA
8226	3065	3895
8332	8479	8369
1132	3998	1884
2946	3603	6195
3194	6158	5012
6689	8788	5850
574	7564	1488
2331	NA	8144
8729	3948	6264
5673	668	6195
2250	5006	NA
503	2843	7041
6645	2780	8369
2668	9017	7010
6004	580	473
328	1900	6993
6354	2963	NA
4443	NA	8873
591	8788	6264
5878	1568	NA
7684	3926	NA
2020	8810	8162
5044	5193	5621
3050	6840	NA
161	7842	6993
5851	2134	6528
3386	1372	NA
6240	1962	6528
8790	2700	NA
7513	2843	NA
4411	2843	NA
8912	9017	NA
7844	9017	NA
8183	7908	NA
3089	5879	7010
8013	7564	NA
960	7564	899
5643	4328	6993
6629	6102	5621
7786	5006	3174
604	8364	NA
1261	821	6264
2844	7779	2691
45	465	1884
1059	4762	4353
1019	425	NA
8719	4836	5621
2709	2780	4678
5732	64	7010
3883	8598	NA
7929	4903	8555
6278	2780	6451
1695	8452	NA
665	7014	NA
2977	4409	NA
8325	NA	3215
5817	6026	2376
1635	6215	NA
7489	2654	6264
5768	6908	NA
1279	6908	5028
2398	7956	NA
5065	5938	NA
278	692	NA
1363	4903	NA
3702	2700	NA
1380	1568	NA
9023	8293	843
926	64	899
7448	6792	4140
5649	2843	8225
2585	7956	2376
2395	8810	NA
7054	1372	NA
610	1571	6528
5650	8364	NA
4482	9017	NA
5009	8712	NA
8618	668	3552
6902	5879	NA
740	552	2048
3196	552	2048
7214	7908	NA
7995	NA	8423
7795	1288	8423
7636	5675	8423
3557	2780	6919
6849	4836	6993
3530	NA	3895
4347	2780	5621
3506	2665	6264
2515	7842	4353
2966	3914	6228
3686	1576	525
6338	3926	7183
6916	8788	NA
1787	5325	899
2719	6026	NA
5408	476	7153
4685	6232	NA
7290	6214	5621
6958	4153	1884
1606	1805	873
2159	NA	5621
3699	7779	4579
4420	465	NA
1724	4488	6993
5365	7584	5876
7314	6215	NA
4627	7564	1514
5092	7564	7153
973	NA	1341
6708	1136	8225
7523	5006	NA
8768	5119	NA
110	3432	NA
6819	8427	4140
5266	6487	7041
5219	4762	NA
8097	3364	NA
626	5959	6528
8377	5479	8497
8374	1571	1284
8342	4409	1884
3091	8427	4430
8856	8427	4430
149	6015	4430
4764	7584	3533
6573	4153	1884
7340	3926	1884
1793	4085	6228
4891	7956	5373
5881	7221	4156
7030	6232	NA
1245	7068	4156
4916	3832	7303
3956	3832	7303
331	7842	7303
2652	668	NA
4553	6621	7303
3994	8364	427
8668	64	NA
7105	64	1284
2253	7541	4156
8439	2633	7303
8997	2633	7303
2405	6487	315
8740	8810	NA
3093	8293	7303
3119	8293	7303
6804	7779	7303
2688	6384	7010
2701	7201	6228
8496	9017	4271
7273	4762	3215
1986	465	5373
3224	7506	NA
5018	5006	7850
742	5006	7850
1741	1321	2663
8088	1107	3995
3445	2843	NA
4906	8712	6228
7715	7908	5776
8111	5879	4271
2195	3986	3215
5372	3986	3215
582	6831	867
981	695	7303
4840	695	7303
5224	9040	7303
1993	2700	7303
8062	1805	2691
2152	3364	2663
570	1568	8369
6437	5193	6228
1786	7751	NA
2460	2682	4879
4692	2682	4879
6873	3801	6228
2349	5959	NA
1479	2963	7303
824	2780	1884
4984	4903	525
4559	8600	8965
2052	476	4271
3749	1260	4156
3218	1288	8369
4983	1274	4156
7800	5479	3533
6883	6226	4430
910	692	6228
6506	3432	3533
8692	8341	4374
3173	2780	1884
11	NA	7303
8511	3162	624
6154	1074	525
2775	9017	1284
8352	5773	4156
436	7596	8563
359	2134	NA
3233	6215	8498
6236	6257	5052
8248	75	NA
5566	6257	NA
294	465	1884
5529	3926	NA
3	339	4156
3185	6026	NA
3059	7584	315
5956	1568	NA
1	2633	315
7920	3832	4156
2680	7842	5730
685	8364	6295
2220	3432	1863
8540	6232	1284
510	7034	525
8125	8810	2691
3366	7956	NA
4901	2134	NA
8813	8712	7029
8446	1607	4156
6879	8600	7379
3714	1288	3215
6719	5879	8749
5591	2843	4156
4800	2843	4156
7735	64	1284
3860	64	8497
8657	6487	8720
7363	7506	3276
4662	1805	3533
7433	7908	NA
5997	5773	473
4312	8293	NA
7857	8293	315
2518	5675	4156
1325	7710	4156
4850	3364	8497
6016	6215	4156
6972	7751	NA
808	1375	4156
3396	5959	1926
3894	4153	1284
8519	556	525
1141	2780	1284
7836	2780	1284
2870	668	NA
292	901	8965
5066	9017	4869
1779	5440	7303
8430	5440	525
2839	4903	6919
5010	27	1284
801	1274	1926
4160	465	473
3025	2700	1884
7753	5287	3215
9036	3162	340
6764	5479	6228
5332	6015	6919
590	7840	3458
1095	NA	6919
5927	7596	8035
5172	1221	8035
182	8376	NA
6553	5325	NA
333	4256	340
5716	7840	4156
2859	762	1926
1496	6110	473
5407	6621	7303
3554	745	7955
5486	6215	4156
8339	4306	NA
5024	5006	7850
2799	5006	7850
5553	9017	4869
6949	5831	NA
535	8841	4343
5108	3926	NA
8316	4153	1284
4054	762	4156
6079	6026	NA
2439	1568	1284
5669	7584	NA
5902	6161	8035
1872	6161	8035
7821	6158	4156
1164	6232	4156
3663	2240	6228
5501	1221	NA
2065	7842	1884
2980	2476	4156
922	7840	2663
2092	6215	473
5693	6215	2663
4244	6282	525
3578	4085	4156
3874	745	5730
8475	6706	4135
2974	7956	4271
7317	2134	2691
6059	64	473
162	64	473
7278	1805	525
7577	5879	1884
5891	465	1926
8249	8364	9051
8271	3364	NA
5617	1288	8749
81	795	4879
146	6487	NA
5751	3432	5231
6665	3432	8498
6806	6257	525
2467	7506	8563
2647	7506	1884
669	1274	2316
6117	556	4156
5075	668	1284
8136	692	4430
945	2780	8659
4380	2780	8659
5970	5831	473
6148	1571	NA
8168	8234	7303
2798	5959	NA
1948	2843	7379
5603	1783	4430
1286	4836	1926
561	4031	3533
8103	2700	3276
7711	1074	1284
3467	1074	1284
2424	5006	6919
2618	6717	4156
6453	6252	3533
4038	8274	3533
4332	7596	96
5825	5479	NA
3249	2062	2663
2452	1372	1284
1015	27	8498
7329	NA	7303
1625	NA	315
6537	75	NA
6098	2165	8423
1915	4256	NA
717	7638	1284
1295	7638	4156
7838	901	2691
8141	7034	7850
3056	7140	315
1378	6110	96
8066	5318	NA
4978	916	NA
3052	3986	525
3229	1783	4430
6833	7956	NA
1945	3926	1284
840	7842	5297
5101	6110	7850
3727	6487	NA
4973	2134	4156
2089	7956	2921
6937	7956	8530
3340	1568	4156
809	8376	7095
7326	5550	8035
8116	7663	5426
8907	64	1863
8745	64	1863
2561	4306	NA
1532	6161	8563
3400	8877	4156
6132	2476	4156
310	7202	1284
1244	2899	NA
1067	7840	8563
3488	3376	3912
7992	7638	4156
607	7638	4156
4247	27	NA
6653	4031	8530
8173	3364	3675
134	6257	8962
7205	692	NA
7171	8901	1863
1860	6252	8513
1312	5318	7468
4935	668	4421
5816	2780	5426
1683	2780	NA
8138	7506	8423
5641	4153	8563
2413	8841	5426
4043	8416	1764
2765	745	4456
8484	7779	NA
6394	5006	7955
2570	2113	8563
4394	5479	NA
7366	7510	NA
2402	3162	96
2513	6516	8563
6421	4256	NA
263	5959	4156
8027	8274	NA
7989	3367	NA
220	1221	7064
6587	1074	8098
5867	901	2663
7631	1372	NA
7306	7931	8423
3024	5831	5297
1846	4903	NA
2829	8541	2663
9008	4903	2776
2692	8773	NA
9034	7140	NA
907	8293	8513
8387	1288	NA
8110	6232	7850
6481	2165	4666
4241	7751	NA
4014	7034	NA
4321	2899	NA
3822	465	3675
189	NA	8423
880	7908	1224
2489	NA	8563
9026	NA	3912
6722	3867	NA
4298	7596	572
1545	6858	4156
4792	1568	1284
4783	3926	2663
1168	7499	4135
6370	7596	8530
5436	4626	8423
6321	4153	8563
2993	2113	NA
6857	3432	643
1718	3162	NA
7681	7842	NA
5281	4256	4702
5657	64	7850
6599	7956	4156
4699	7202	96
104	7510	572
1317	7034	8513
6317	6765	4156
18	8293	NA
2342	8293	8426
5991	5505	2781
2947	7642	4135
7048	6215	1764
1399	6215	1764
6768	1221	6960
6045	901	4456
881	8376	3010
5169	6257	7468
478	27	376
2821	2070	8423
2789	8600	6960
7725	8877	2915
7841	4031	6960
4539	8901	96
6821	7779	NA
5575	7779	376
8020	1288	572
6815	6110	8563
3139	7638	4156
8381	6487	1284
5885	6717	8426
1138	2700	7955
351	8341	7095
8884	745	7850
815	745	7850
3664	3834	7095
8995	3364	7095
3264	8364	8423
6462	6252	8423
6040	5879	2776
5900	7908	8513
3479	2134	NA
1647	5287	8423
2660	8274	NA
4630	2780	7850
6693	2780	NA
5142	75	NA
5367	465	4702
3915	668	1224
8609	5318	5231
4024	5959	2316
4713	5959	8423
5334	556	8035
387	117	2776
5358	916	5231
4116	3367	NA
5199	1074	8659
6106	2306	1224
7270	1805	4156
2566	NA	5426
3450	4836	8563
4667	3668	4156
8639	5378	8423
7206	7751	5297
2446	7506	7157
6377	5831	3279
5063	4306	7955
1920	NA	8423
2723	765	1224
8454	2597	4864
7384	1568	1284
8241	6232	4156
6982	2899	2316
4540	6516	1284
897	692	7468
8292	5550	5426
1643	7842	467
2008	3926	NA
7723	7506	8423
4053	6161	4156
8800	3137	1697
7021	6158	8423
3851	8600	7095
169	8364	4864
7180	8364	4864
1326	1568	5231
1322	1260	7095
1417	1288	8513
8303	5410	NA
8785	5410	NA
7336	6110	2181
8994	2780	4864
1103	4256	5297
4556	1221	NA
7707	6516	7183
4505	4306	NA
4748	7642	7095
1675	3364	467
5792	3367	NA
6636	6257	NA
3248	3162	NA
7905	8901	5283
2737	7751	NA
8199	6232	5297
3831	64	8426
2855	64	8426
346	4031	96
5686	7931	8423
3934	745	NA
5908	1074	7468
3858	75	NA
2547	2899	4864
825	8877	7095
4578	6252	4156
4631	7451	8659
7156	5505	2781
2689	5879	4864
3671	6487	8530
4708	5773	8513
6931	7034	NA
8635	8293	4456
6729	8293	4456
6643	2274	3783
6041	3986	7095
7365	3986	7095
3741	8274	8513
3509	8274	8513
4370	2134	NA
413	916	8423
5853	5287	8423
671	3867	572
4787	5006	NA
2677	5006	NA
1569	8712	NA
8807	3539	NA
1904	2656	NA
7837	5831	5297
1468	5479	NA
1674	4167	6380
3459	1274	8563
4222	6627	1583
943	8970	NA
8010	2597	572
5895	4781	2663
7269	692	NA
7442	117	4666
4238	4153	8426
1550	901	7683
5298	6232	5231
1989	2899	7468
5930	1568	8513
6935	8293	7095
618	64	8563
8738	6516	NA
1971	6717	3859
6357	75	2495
4985	218	3925
1728	4031	5509
4285	7751	NA
3008	2656	8426
4117	745	5231
1754	745	2181
2730	6252	NA
4837	3539	4546
2009	3867	5231
6846	916	5231
2506	7202	572
3416	8685	NA
3498	5084	1697
4426	7842	NA
6910	8970	7095
5671	6257	NA
4774	1074	8035
2071	5934	6380
2365	7510	8035
8504	3356	3912
3266	1782	8035
6279	NA	7235
4966	3356	2067
5039	4167	958
727	1867	8426
3785	4031	7683
3853	1782	3925
5309	901	3869
6109	6257	8426
4892	745	7531
4824	745	7531
7862	8293	8326
3704	8293	8326
3082	7596	415
7123	6110	8193
5758	7663	1526
2887	5410	3007
7972	3539	7157
4552	6516	3007
7462	6516	2067
1219	3367	NA
4911	1568	8098
8196	7842	2067
1027	8685	NA
307	NA	4135
3602	8293	794
8128	8970	643
8660	6516	3250
1427	3539	7683
4325	8901	6936
5965	7202	7531
3217	4256	1032
7086	916	794
7811	7751	2828
7527	4031	8426
7360	745	2067
7895	7202	643
7295	218	8098
7220	3356	2067
3292	2597	NA
172	6788	NA
8763	2611	NA
5503	7642	NA
6036	3499	8939
2962	4781	6164
6212	3356	NA
3038	8970	8426
7643	8970	NA
409	2899	30
4690	7642	958
2261	7642	NA
7009	8877	3007
3879	745	3007
516	6516	2280
4520	2656	958
3434	7663	NA
2874	75	NA
1802	5831	NA
2336	2611	NA
4509	5934	2067
7675	7633	NA
8259	4153	8426
4170	6026	NA
533	7596	NA
8032	6257	6936
1815	901	NA
5322	8376	NA
1002	5831	NA
8859	8877	3007
3540	8877	NA
818	5410	3925
8915	5410	NA
5552	7510	NA
127	3367	3869
1807	3367	NA
8065	2899	3925
5836	2899	NA
2568	2113	1032
3339	4167	NA
8955	8685	NA
2083	8732	763
2543	2656	NA
509	1867	NA
5984	3906	NA
7644	5934	NA
2493	7842	643
4168	8021	3869
576	6717	NA
892	7663	NA
772	6788	2828
5583	7663	7865
4232	4167	575
5393	8901	1953
6369	8901	319
6480	2611	3869
4937	745	2067
941	8376	383
7268	8376	383
6649	7510	5986
6747	4167	575
1588	2656	NA
8156	8416	5986
3592	7877	NA
2503	2113	939
1851	8877	NA
6303	8376	5699
4132	8376	2828
2622	255	3869
788	8901	6107
5188	3539	5582
20	745	3642
2192	7642	4385
6811	8416	1202
7574	2113	7865
4961	5084	3869
5120	8685	NA
4993	8685	NA
7809	3712	NA
633	NA	6739
7679	8970	2828
3460	7877	1459
8739	3539	NA
2186	3111	7670
4300	4167	3502
8960	2899	2185
4943	NA	2961
4061	NA	1459
3706	8732	8178
8879	4167	6739
8448	4167	6739
3967	7642	8061
5053	8901	8061
4205	2899	8061
5255	8416	NA
521	2113	1302
8211	3111	6787
1921	NA	5509
2541	4101	6003
6042	7877	8061
5150	8489	3152
6970	5564	NA
6957	2549	NA
5514	8293	NA
3323	1867	NA
4304	6391	NA
1857	3499	NA
4155	7633	NA
3291	6257	NA
5270	6252	NA
84	7596	NA
2838	4153	NA
5994	3906	NA
8566	916	NA
5034	901	NA
2283	5410	NA
3325	5410	NA
3372	4031	NA
7974	4031	NA
8943	7202	NA
859	7202	NA
6469	4070	NA
1364	1756	NA
5029	64	NA
6287	64	NA
4218	745	4385
1263	745	4385
6203	6788	4385
4902	7249	NA
7958	8376	NA
4491	8685	NA
2822	4256	2828
6829	2113	5811
5898	6930	3152
4028	5096	NA
780	NA	6466
1009	6441	3152
1193	668	8919
7671	2549	NA
8991	7877	NA
1882	2442	NA
4577	1430	7498
858	2549	NA
1811	5564	5998
2291	NA	11
1301	NA	6599
8650	NA	307
7573	NA	11
4242	104	3400
1927	NA	11
5919	NA	2566
1258	NA	712
7355	8200	6528
5459	6027	4143
5596	8200	8254
7179	8200	NA
6263	6689	8772
1257	6300	1423
191	7816	2048
5842	4871	712
3910	8133	1884
1632	2946	4956
7566	NA	8226
4458	3472	1884
8843	503	1884
7380	6621	712
4192	8200	1598
8239	2250	6228
1085	8200	1926
5314	692	712
6876	7684	8584
8834	8734	712
1008	7844	2376
841	3668	712
5846	8729	NA
8695	5643	624
7669	6645	NA
5654	6645	473
4737	5673	NA
4100	6689	NA
454	3089	624
4082	6689	5052
3427	3137	3194
995	7684	2048
3345	6026	4443
3739	8200	1884
784	8200	1884
8422	NA	250
7528	6792	5649
3270	6946	8618
2017	4781	2331
1471	6689	7850
3687	503	1926
3909	2250	7850
2350	2250	NA
4360	2966	NA
6435	8729	8498
111	9023	8497
672	7929	NA
3428	6849	8369
1065	8183	NA
759	5673	NA
8676	4482	8720
2642	3506	1884
4234	NA	2331
4032	NA	600
2628	6026	4443
6750	3196	7010
3051	7636	3912
8411	1206	4443
9035	2515	1926
3028	7448	NA
3268	7636	NA
1038	7684	4156
2104	5673	NA
6524	6765	712
598	1074	712
1964	9023	6228
5572	6689	7850
6579	3659	8465
2496	2515	4271
1405	2062	2331
8553	8729	1284
6001	503	525
7719	7779	712
7817	7779	712
1691	1107	4984
5683	6778	712
7141	4822	3093
6775	7929	NA
8224	5009	8498
6062	7448	NA
1798	6849	7387
6366	NA	6902
6350	8111	3533
6188	2052	5250
8577	3196	3279
7126	2152	740
5532	4983	4156
2352	4553	1986
5496	3994	1863
4400	2966	8369
5144	5881	7955
3026	582	NA
1121	4482	NA
5141	3506	328
5049	4347	7029
3778	6689	3262
6443	8293	8618
1549	8692	NA
6230	7684	NA
5818	5881	4271
1024	8712	712
5606	1479	NA
2217	7448	NA
687	9023	4984
1472	503	NA
5190	2966	7303
6551	2966	843
8622	5773	4443
8972	8729	NA
5057	7751	3749
442	2515	8749
835	4482	2663
8827	3834	6573
8906	3506	525
4391	4347	7303
183	331	2776
3972	6849	525
4854	5673	NA
4179	6102	7995
6111	7929	8618
4542	1529	3749
4249	NA	4901
377	8997	1284
1346	8111	4271
1584	1793	4271
7668	4306	6016
932	2253	4869
5830	3994	NA
4681	7636	4891
477	7636	4891
1534	2052	473
6386	149	4869
4079	3173	NA
8542	6689	7850
8838	6689	7850
8024	1164	2961
8736	8813	NA
3889	503	7850
555	5881	1863
4386	3366	8423
588	4306	3557
3769	8234	2688
3574	2839	NA
8343	8082	8618
5296	2974	1863
2631	762	8618
3561	8729	NA
1308	6059	7916
1240	8692	1863
8164	2250	1863
3871	3994	1863
3676	81	7317
970	331	5426
7460	3173	7850
1361	5108	8426
1242	3834	2688
913	801	1863
2117	801	NA
1838	2515	2048
7694	1793	NA
4863	7506	4984
1620	2253	8423
6834	6849	NA
9015	1286	NA
6711	2424	NA
6543	582	4156
6999	922	4156
3039	1	8423
2404	4482	1224
3633	4482	NA
3067	4347	NA
7766	7577	NA
6510	3506	8749
2664	2798	8962
1305	8364	8168
4969	149	7095
7756	7448	8563
8963	7448	8563
1204	6215	1625
7198	6215	5970
6531	2052	6573
3141	2452	8423
8913	8740	7095
8625	2306	2618
1768	7929	4135
2620	8342	8965
2831	1274	6573
8526	2966	6573
6159	6645	7317
99	9023	8563
3816	7711	6573
5928	5673	7045
8216	NA	11
1131	5529	4156
1751	5009	7030
7425	8316	7095
8979	8249	8563
6246	146	7183
7832	162	8563
2873	5075	NA
4564	2980	NA
7620	2467	6171
1214	8103	5891
2338	1	4702
7576	2974	7095
4581	801	376
640	7929	8749
5909	7140	8618
5857	8740	4156
8920	64	3467
7797	5881	8423
5402	4872	8618
2040	2452	4156
4428	3994	NA
5324	4085	6573
6367	3015	8618
6133	1164	96
8642	146	NA
6072	6764	5321
5448	5550	8618
7511	9023	4156
6906	2966	8563
2602	81	7468
8425	331	7468
8166	6015	6573
5360	2052	8173
6251	503	7157
5477	1741	NA
1859	7451	7995
52	2253	7468
1251	4347	376
542	7448	3562
6647	2980	8513
6743	5956	4456
5184	7636	2921
21	7636	NA
8615	1993	8513
4046	5006	8618
1117	6849	7064
1063	1793	3897
7372	3506	8423
4416	149	6501
2239	4167	1625
1476	5673	7850
2248	5673	7850
6353	5529	7468
8728	8712	7306
2262	3366	4332
8752	6689	5231
1742	2515	3897
5290	1074	6573
2978	4482	7468
6038	4482	8659
7234	NA	5825
5200	8249	8098
170	8316	4156
8235	8692	NA
5447	2839	3912
6120	8342	NA
3771	582	4678
3408	3173	NA
7170	6394	1284
8926	1015	7045
5451	2798	4666
4069	945	376
2710	561	NA
2266	6653	NA
4377	4973	574
7896	6653	1224
4877	1532	NA
1215	3874	NA
3677	5108	5825
1936	2489	4156
3312	2974	2688
4279	2306	5603
7824	4781	8618
3840	4153	4984
7232	8376	8618
6659	801	6573
8378	765	4332
6953	81	7030
446	1532	7095
5128	7448	2701
3060	7506	6117
9	8732	4984
8410	945	5283
8078	6161	3400
3870	901	3467
2080	8740	8618
8180	2966	6573
5995	3015	8618
6479	7140	7329
4437	561	8961
2726	1164	5426
2657	8600	6573
5489	8692	NA
3581	8692	NA
2150	7956	8618
8348	7510	11
694	3994	5426
6324	3994	5426
5090	2052	466
5789	2052	8423
549	2780	8618
3378	5956	96
519	8183	5250
3397	7024	5825
7134	2062	8618
7526	8249	2781
6088	2113	2402
3572	2980	8563
2800	5881	4456
4413	4347	5426
3405	503	6098
3976	9023	96
5844	809	NA
8438	6765	7030
2314	7908	8618
929	162	7715
233	6132	6380
3448	7929	NA
1685	1793	NA
3468	8111	5684
4044	8111	5684
1031	149	3276
3841	4935	NA
1925	3366	3897
335	2515	7468
6170	2253	8563
8250	2253	NA
6477	2452	2280
3078	1993	9051
5639	6764	7045
6948	1	7387
4003	6937	4984
7859	7636	96
3258	582	4156
2066	5751	NA
2313	8316	NA
6590	8116	8098
4231	6282	4984
4432	2700	6117
6485	2839	2776
7673	3173	5231
8159	5959	5825
3586	5959	5825
4518	6849	7095
5123	6849	NA
4107	5673	6279
4185	4836	6573
507	6645	8530
3973	5318	5603
7559	3874	8965
8672	535	8618
5993	6587	4864
3172	263	4156
2824	6026	4332
8140	5529	5231
1292	7638	8618
5235	7638	8618
5569	1015	3461
5236	5108	5297
5727	5169	8563
5774	331	4156
4845	1846	9051
660	2467	4984
3409	2829	NA
8151	8342	NA
3357	1741	3276
1984	2697	2688
4614	8813	8563
3798	7202	5825
7744	1479	NA
4217	3506	8423
1462	5689	6573
5537	8103	4984
8079	1532	NA
1125	5108	7468
2969	2452	5967
4843	7642	4984
2477	1164	8513
7216	5529	8618
3959	1015	2961
6526	9023	NA
4704	561	6380
8367	8740	8426
7070	801	2495
8054	7636	8513
8440	2980	8939
3403	6768	3897
544	5881	8513
6476	5881	8513
1995	2839	NA
5556	7596	9008
1007	3874	8035
2902	2966	8563
1225	503	7468
2027	6764	5231
2263	8316	3897
505	331	7095
7789	3994	7095
7338	149	NA
2448	8249	7095
2834	5751	5231
8570	6937	8279
1037	8901	8618
6555	1793	5231
1283	2974	7121
7453	2467	8618
7023	2515	NA
4478	263	NA
7092	6132	2067
5622	5009	6098
751	582	8618
275	5831	4984
2548	6849	NA
1747	5900	3859
4510	535	7995
6865	8342	NA
7501	6653	8618
7615	5410	2701
1515	351	4984
2546	4935	8513
4250	3367	5641
2288	3506	5663
3255	2597	5603
760	809	7095
2451	1949	5970
6345	81	NA
8671	1015	NA
2401	5895	5684
1959	104	3897
1179	4783	3912
7509	5436	8618
8282	1647	NA
7882	1867	6806
8582	1479	NA
7843	8692	8025
5327	8692	NA
2658	4384	4984
8904	1860	NA
8126	4256	4984
5220	NA	2092
482	1479	8423
6194	NA	3400
7676	2052	4332
666	2052	4332
4337	5956	6098
363	8376	4332
7866	5378	4332
3293	5108	3400
2473	2008	3467
8419	64	4332
3747	809	7683
1899	9023	8426
2731	8740	4332
8737	331	3467
1013	6937	2566
4201	2452	8916
6091	5900	7683
3047	1015	NA
2922	7510	2566
3698	8970	2566
7332	3994	2067
3384	3994	7683
106	2515	7683
769	7636	2067
4927	6232	3400
1671	8316	643
1342	5881	8426
4489	8116	2067
5244	561	6098
4853	2966	8426
8605	2966	8426
7096	5881	8426
8313	2899	6279
6019	1164	618
4827	7681	3400
5631	4783	6279
2669	5895	3153
5243	5436	5970
4867	2980	8168
3511	2980	5231
8052	6132	958
5630	104	11
8649	1647	7531
994	6653	30
6853	6252	4332
7534	2974	NA
2247	263	4332
8212	2467	7157
285	8249	8691
3465	8249	8691
3579	2656	11
3873	8692	NA
3857	8341	11
4677	3874	30
7027	149	NA
8261	6106	8916
4390	4935	NA
6877	81	NA
5677	6849	415
8932	5751	NA
8037	535	958
5413	1674	4332
3797	8136	7531
4305	4426	NA
2468	2730	NA
160	NA	220
327	8738	5970
8931	2250	8168
8119	8342	11
4608	8103	2067
8878	1860	1443
5610	582	7683
4858	7202	6599
2317	5831	4332
5852	NA	11
4324	NA	712
1808	2052	NA
3041	2052	7531
3828	2467	11
5305	2467	3379
3197	8249	3007
7897	6849	6119
4174	7636	6767
4697	809	2280
6520	5436	3925
7997	8738	8426
2088	8249	3925
6983	6252	6279
1330	4783	7531
7518	2730	4395
5214	2506	3379
494	1860	8426
5354	6846	618
1073	5751	7865
6773	8342	3250
3538	149	1032
2167	351	3869
770	5169	794
4900	535	8098
1888	1015	NA
2031	1728	2067
2908	6653	3869
3618	5298	6279
5124	5956	6098
2197	1647	6279
6283	4426	6119
8782	2829	2566
5429	6764	2067
8403	5169	643
7748	4892	NA
2222	NA	6036
1979	2935	3400
3338	2113	3400
237	5956	3379
4175	6768	3869
8725	5108	11
2279	3356	4332
7265	351	NA
6286	2008	2067
5240	7510	3400
6813	5881	3007
8195	6106	3869
8688	809	3869
8345	1164	3007
4016	2966	643
6785	8316	8426
5920	4783	3167
2245	2506	2067
9046	5895	3007
3606	8738	1989
245	5169	958
7926	5436	8426
2511	104	786
2835	2452	1526
2623	8504	415
4288	6132	NA
6347	6846	3467
1634	2515	NA
6	4935	8168
6616	149	5837
4287	149	NA
6728	6937	958
5815	2467	8168
8908	2467	8168
125	3874	5231
5495	263	3869
3922	1674	NA
5280	4552	NA
3399	3994	NA
5714	1971	NA
3150	1532	NA
8492	1532	NA
6309	1860	NA
2560	5503	NA
5416	8116	NA
6253	2071	3869
3227	5529	3007
4067	2829	30
8533	3082	8168
4018	6109	NA
4074	3082	8168
8317	4552	NA
6568	503	643
3383	6689	NA
2872	2515	2280
659	5009	NA
2674	1479	267
984	5881	NA
6996	5881	NA
456	582	618
8682	801	NA
3230	801	NA
7966	5529	3820
1212	6764	NA
8871	331	NA
2394	2452	7531
5799	2980	NA
5581	7642	8168
2254	7510	6098
3997	1015	NA
8275	3874	4395
754	2974	NA
5549	561	NA
354	561	NA
1183	1164	NA
8004	5108	NA
513	81	2280
3526	8103	NA
4711	8103	763
7127	8116	NA
8545	263	3007
4470	6132	3401
5249	6937	3379
8187	1532	NA
3307	6768	NA
3996	5895	3925
817	5895	3925
1045	6106	6119
7554	5900	6279
1880	2008	1071
6488	1674	8143
3882	1971	NA
1133	3416	NA
242	2071	NA
8573	2365	643
1707	NA	8168
2037	1949	5970
8705	8342	6688
5754	NA	6098
2943	2974	NA
5517	2974	3467
7826	2974	3467
3942	4256	3467
4040	1971	6269
2720	1971	3467
1760	2008	2828
1456	149	3869
5371	149	1989
1178	5108	7972
2769	5108	7972
8202	75	1989
7790	3785	7531
4885	351	NA
4404	5881	1602
5019	1164	7531
6293	6846	6119
1156	6846	6119
1833	8249	1989
4934	5751	3467
6752	6132	2828
8281	8342	6119
783	5956	4520
5156	104	7462
2034	3111	7972
5016	2829	1989
3827	3038	939
1885	1860	2828
1046	5169	2067
1644	5169	NA
8407	8732	7462
135	3416	NA
7692	1860	NA
6238	2506	NA
4904	2506	NA
5069	5309	NA
4790	7681	NA
3452	5309	NA
3950	6937	NA
8477	NA	3467
1062	2071	NA
7632	5529	1989
1874	2899	4966
3283	NA	1989
153	5436	4385
3836	8341	7462
4131	8136	1989
7484	5529	4077
3898	2008	NA
1877	3592	2067
7524	8021	3467
696	8021	3467
7262	8316	1989
7651	5881	2067
1507	3785	2828
4029	5900	2828
845	6846	7999
7525	2506	NA
6566	1971	383
658	1164	319
7383	8504	939
5955	3416	5582
7988	5895	5837
40	2966	7865
749	6132	3068
8892	8249	NA
7726	149	4690
1446	4935	2828
8179	7020	3467
2498	7681	3467
6735	104	NA
6762	516	4161
382	3038	1989
7073	6768	3869
5687	5751	383
4960	6106	4106
4207	5956	3642
3743	5309	NA
6523	7510	7462
1171	2974	NA
2354	1846	1660
1267	809	3467
5807	7268	NA
5076	2974	2067
1418	NA	3467
2012	NA	3467
8845	NA	1989
5257	4426	3467
3090	255	7462
3066	6106	575
5285	5895	3068
968	3038	3068
3780	5436	1989
7109	5436	NA
2281	1164	NA
667	6846	NA
3021	5309	NA
6692	4935	1989
6325	2467	4161
8206	5169	7462
6915	7681	7670
7619	516	1989
1972	5503	7462
2813	772	NA
5560	772	NA
5904	8504	1989
7603	8504	NA
8818	4783	NA
504	2506	7972
502	4552	4385
3807	1846	1302
2998	3879	3467
2172	NA	4520
2373	351	2182
7074	3592	6107
7934	5895	4385
7158	6106	8061
7910	3038	481
6713	4426	8178
2750	3879	8178
7464	4783	2182
8821	7681	8061
1434	5956	6181
5449	6937	4385
147	4552	NA
7119	3416	NA
4707	2255	7972
848	NA	7972
7233	NA	6599
3924	7268	1478
810	6768	481
1624	6768	481
4779	772	8058
8701	3592	5811
143	6846	NA
6990	4552	NA
4763	3082	7044
1929	3038	481
8852	3879	5811
9007	3879	7972
6179	8504	8178
341	6937	5811
3344	6937	5811
6513	6106	NA
8596	5309	NA
4186	NA	7972
5409	4101	7972
7873	7912	7972
7855	NA	4520
2386	NA	4690
8318	NA	7972
1978	NA	7972
4286	3592	8061
8278	3879	8061
1827	3879	8061
4991	6846	7039
348	7268	1478
7978	516	NA
6284	6937	3988
1188	5309	7876
3736	516	8061
6307	2186	NA
8084	2186	2175
3672	4552	5629
6424	3785	1478
5942	3785	1478
8778	3879	1478
59	4552	NA
5003	3082	5811
875	7220	NA
6780	6109	NA
2022	8032	NA
6262	2052	NA
3596	2052	NA
1441	1015	NA
392	1479	NA
62	818	NA
8784	8740	NA
8828	8740	NA
4634	5298	NA
2893	7636	NA
5873	7636	NA
480	7862	NA
280	8259	NA
4055	2365	NA
520	6849	NA
3469	6849	NA
855	81	NA
823	81	NA
1577	2730	NA
7927	2568	NA
1433	503	NA
5544	4325	NA
1491	8103	NA
8933	9023	NA
1374	2009	NA
6583	6764	NA
1799	561	NA
2534	582	NA
8049	582	NA
7178	1728	NA
4633	6653	NA
338	2083	NA
7763	8065	NA
3753	3154	NA
1413	2515	2805
3226	1860	NA
4536	2974	4106
3550	809	3068
1525	2829	3502
5241	263	5837
196	1164	5811
6172	6132	NA
2458	3416	NA
3583	5895	NA
6407	5895	NA
3669	5751	NA
1163	6106	5811
4178	3879	4674
5889	3592	NA
1455	1299	521
3155	5956	383
5681	3879	3179
3726	3879	3179
282	NA	4324
5081	5220	NA
3083	NA	4324
621	NA	4324
6734	NA	4843
5742	7355	NA
2319	7355	NA
7222	1916	7179
2788	7355	1284
8876	1257	NA
8298	8843	843
5812	5314	250
2142	4192	NA
4102	7380	7010
1739	3668	4234
1412	1257	NA
7000	5314	8720
4152	4192	1284
8447	995	8756
1869	3687	NA
2462	3270	1926
3748	7355	1884
2307	7355	1884
7580	1085	4271
1983	3270	427
2107	5314	6113
6673	NA	4234
4664	8740	2496
6129	4192	1284
2249	1085	525
8198	1085	2776
1379	3687	7303
3786	995	7183
254	4192	NA
3058	4192	7850
4770	6001	2316
965	995	7183
7237	1085	NA
4986	3687	NA
5595	1257	NA
3518	1257	NA
8476	3270	NA
2384	3270	NA
6151	5314	8749
7120	692	4249
2079	8972	NA
4519	2463	6366
6440	3432	4032
2619	1472	7850
4090	1024	7121
7537	NA	1065
595	687	8961
6740	5818	NA
4819	2217	376
4574	183	4156
6185	995	1425
7732	8082	7744
2918	6443	NA
8431	1257	8530
313	5818	NA
839	1085	9051
1154	1085	3276
325	4192	4864
2447	3015	6366
7117	162	6111
8678	3270	6573
216	183	3276
5808	442	NA
3163	2476	835
5247	6001	3557
4856	7448	4032
5242	4542	7850
73	3687	3557
7828	5314	3279
5337	4854	8035
8999	1472	8563
2391	8913	3010
8203	3769	3562
4500	2467	5190
7344	6251	NA
548	4192	8423
2936	8913	7329
4199	5818	6380
3751	99	3467
5719	6443	8939
8247	7840	6366
8034	2217	3897
4844	7596	4249
900	970	7683
6595	5296	96
7456	183	220
3754	3687	7095
6594	5314	NA
2297	5314	6573
5670	3270	4456
8535	1085	11
7699	1085	6380
7427	1024	NA
6887	4542	NA
1601	442	8426
3487	1472	4456
1392	7663	4032
2928	8526	1697
7519	6159	4864
6574	6647	5867
8895	27	4234
5212	4179	NA
1699	3871	8618
7637	7448	6366
8869	6110	8216
7449	8164	7095
8746	5773	1065
4334	5928	NA
5538	4854	NA
7090	2262	8168
5346	6001	4332
8245	NA	8827
3761	8224	NA
3896	NA	4032
819	2113	6366
1269	6110	8827
2791	5818	2701
5516	8913	NA
2162	4167	2404
2196	8732	6366
5493	6443	7095
8794	8877	4032
7334	3871	4249
1531	8164	NA
5386	8376	2404
2043	5956	7134
3582	442	NA
4676	183	8827
2275	5296	7916
3636	1472	NA
8959	3994	8216
3147	8526	3897
4060	3687	3859
2979	6001	7121
8703	1024	NA
2144	2697	4032
5301	5928	4864
8575	4179	NA
1368	6159	2181
888	4854	3859
4228	6015	8827
4967	3840	6380
7107	6647	NA
4898	6353	NA
2956	335	3400
2415	5057	7157
7432	482	4234
6245	1240	7064
8648	4542	NA
8299	183	6098
7346	1472	5684
4948	8913	8916
7713	8913	643
5390	970	5231
5117	3270	3379
1036	3270	3400
3183	6443	2067
6670	4413	11
6803	6001	643
5466	6477	1526
3191	335	2495
7186	8164	3379
3776	5296	643
4485	1037	11
8764	5818	3400
3005	5818	7744
6299	8901	8216
4406	3840	958
6455	442	643
5793	4854	NA
6410	3871	7531
3815	3871	6098
5945	4179	643
1790	5084	6194
8145	52	8916
8601	8526	11
3764	2839	8216
7227	6647	30
3665	482	NA
2910	5314	NA
1398	6159	1995
3054	6159	NA
4122	7751	2546
5949	4704	5852
8069	6476	3400
790	5108	505
4125	6526	4332
3365	5298	4478
2953	1971	7744
4987	8079	643
2153	7615	NA
326	2548	643
4221	5689	8827
676	5928	1995
8105	586	8216
4698	4542	8216
7546	582	8827
6816	1240	8216
1723	NA	1065
4094	7407	4324
7774	4413	3400
6208	5928	6134
2965	1037	643
5948	2317	6279
438	3270	8827
7012	5928	6688
4806	6159	2222
1247	6382	505
6782	75	2546
5111	442	5622
940	8526	618
5662	1125	643
1397	4514	8904
2018	5429	NA
291	4179	8216
3917	4179	8216
5935	4854	505
2725	7027	NA
8560	4935	7023
1641	3867	4510
1194	2548	6279
4597	9023	285
581	2658	3869
8471	140	2669
7248	NA	7023
8350	2288	7157
8006	6443	307
79	1472	7531
1587	3356	4478
5571	8164	NA
9002	6647	2939
6265	1846	8216
2035	1024	NA
949	8212	NA
4889	3698	NA
2045	6476	NA
865	6476	NA
8694	3747	NA
8967	3747	NA
5349	4677	NA
8929	4337	NA
4829	4827	NA
836	5677	NA
2864	6768	5622
7062	NA	8827
8255	NA	4324
7219	8732	8827
6223	6443	2495
7653	4167	8827
203	1568	8827
2355	6001	NA
493	4256	2731
5589	8913	NA
2505	183	8168
609	1949	8904
2635	5928	NA
82	5900	7744
2136	8901	7534
8063	3539	8827
3805	1472	NA
7813	5895	2731
7304	5296	2280
3837	5220	11
6237	535	7789
5183	2935	5852
3916	331	4510
8283	8341	3959
90	6555	618
1101	7501	8827
2727	442	8827
4252	6647	1678
2749	6526	8827
5512	8249	8827
4592	4827	NA
3799	8685	1995
2763	6353	2731
8288	5057	5039
5317	5556	415
8976	4854	2828
7745	3840	NA
7996	3840	NA
1134	2473	NA
314	8037	NA
1820	2922	NA
4801	6520	NA
3211	3857	NA
7076	1037	NA
7172	1037	NA
6116	3747	NA
7225	5631	NA
2705	1515	NA
7311	1515	NA
499	2969	NA
7189	8052	NA
6274	7615	NA
7961	7615	NA
6969	8261	NA
1866	3698	NA
2241	2548	NA
3980	8932	NA
1987	2658	4332
4644	586	505
3593	4542	1727
7898	4489	3467
3811	1283	3400
6491	4927	7385
3733	5556	8168
7845	1013	3465
3528	106	NA
66	6019	NA
2456	5631	NA
3524	8932	NA
1297	4781	3465
690	5314	643
7192	3994	769
1114	6001	NA
8990	6764	8216
5963	5818	2067
684	5818	2067
421	183	6036
1159	1024	6279
3012	1164	3465
3670	5057	7531
2826	4542	2280
139	970	8426
3911	8913	8426
3835	5296	8216
2055	52	7683
4905	52	7683
3928	6353	643
8888	3840	267
8755	335	7683
5207	6477	NA
670	1984	NA
1897	8079	4478
7767	2969	8827
5093	4704	NA
4909	5556	NA
1608	6555	NA
2992	7615	6599
7408	2697	7744
4344	2922	NA
6544	3687	8426
6406	NA	8216
423	2167	NA
2234	5436	4478
4445	3356	4478
5499	3356	4478
2934	8004	7531
4435	183	8827
3655	5556	3467
6128	6443	8827
6874	6443	1526
4150	2623	2067
782	7020	7789
304	1674	8827
6796	8345	5754
1205	5895	4478
428	4927	7531
5406	5057	7904
8561	6477	1602
7287	3785	7866
5001	255	4324
6489	1515	7866
2661	5881	8904
3253	6526	8827
6604	5928	2067
4955	3082	7744
2339	6001	4478
3232	5631	8827
5981	7642	8827
6135	7642	3606
1794	3840	2012
8539	8261	7531
6402	2467	7744
8311	5815	1989
4538	2279	7534
1110	1024	2828
8576	2658	4478
4236	2658	4478
123	52	7462
5546	4827	3467
2815	4827	5986
1938	5314	1989
1698	2317	7462
1969	8526	2108
2972	516	7789
1100	6516	4478
2004	6516	4478
7131	6555	8827
3810	6768	8827
3421	1846	5754
4642	6	6865
1696	6353	8904
5565	2515	237
6707	7615	5986
2970	5220	3467
450	1283	2067
3755	6520	1225
5840	4489	5986
4524	2452	7789
8512	6728	7744
5951	125	NA
678	NA	7866
1605	NA	5495
5525	218	7789
701	7501	8827
5584	7501	NA
8366	9046	4016
8217	8913	NA
2860	8489	4478
7439	2306	7744
7698	2969	2067
7333	4781	8827
4739	8970	8827
3971	4783	1979
4600	4704	2828
1780	1472	8192
4083	8079	NA
8253	8932	NA
6695	1073	5622
4226	6647	2828
5252	263	7866
7959	2473	7744
1689	3687	7531
4605	331	8827
4672	3867	5754
2876	2473	NA
7935	6159	1953
3486	5503	7866
3843	NA	8827
3960	8533	2828
2985	442	3467
4011	NA	6616
6559	3879	8827
1854	NA	3579
5116	NA	8904
7017	NA	1065
5320	NA	7744
1396	NA	4324
8001	NA	4324
3863	3840	2828
3534	3840	2828
2608	2279	5986
6426	6516	8827
1181	7249	7866
5542	6788	8827
7098	125	2067
3032	6441	1225
3944	5815	1989
4363	1860	8827
9053	5108	4478
4383	4256	8827
5136	8004	1526
2090	4426	8195
2428	2969	4385
6046	3111	5754
1143	2922	4385
4229	5556	NA
5154	4927	3869
3438	4927	NA
8507	5920	3869
7351	5920	NA
3106	8605	1989
625	8533	7789
2205	2473	7462
1023	52	319
2819	52	7462
5170	2623	4385
8776	3227	1526
150	335	319
4563	3879	3338
6585	5296	5582
8089	4704	5811
1997	5220	7744
201	351	7866
7911	2467	8827
6655	2467	8827
6612	3857	2828
2958	3857	5754
4398	1037	383
2125	1037	7866
7652	8504	4478
4839	183	4385
1222	1472	7865
4444	6526	2828
2216	6132	6813
39	6	1989
7149	4489	783
4658	4552	8195
97	1024	2012
4810	5371	5699
4957	2034	4478
1611	2548	4385
6254	3994	8827
6210	3994	8827
5282	745	6347
2645	3747	2108
8986	6647	5811
697	6647	383
8305	7027	3467
708	8725	2067
2123	516	3338
7971	6520	7462
1351	1515	1989
7002	1283	5582
8436	1156	6739
1061	1515	1989
1082	8477	3467
1586	5314	1526
7228	3867	8904
585	2769	4478
6926	8407	319
3412	9046	2108
7375	6443	6865
1230	6159	6739
1519	6159	6739
4407	8079	3068
8829	8489	4478
2073	8407	NA
1999	8037	1989
4283	482	5582
7289	NA	5622
4603	1073	8688
3790	6555	3869
187	3687	7462
5771	8913	NA
2003	8932	NA
2023	7615	NA
6415	1024	NA
6582	2658	NA
5478	4542	1989
4958	4067	1202
8524	482	7044
6759	NA	5754
5215	6353	NA
8002	8489	4478
3102	3592	5622
2823	5556	3338
3641	8732	5622
1218	104	8827
645	6520	5622
4251	3747	1202
2479	8345	4478
6255	2548	NA
4835	8533	6813
5609	5920	5622
8295	8605	5837
1310	6477	2557
1487	5631	6865
5056	335	8827
2388	7615	8827
7026	7615	8827
8218	1283	5811
4754	2611	6865
3020	3785	6865
1411	1456	5622
3689	8037	3338
6997	2069	7866
1145	1037	NA
1912	8202	1459
3269	442	7972
4429	3857	NA
4338	1647	8827
7394	1073	8192
2304	4934	575
4211	8407	2828
3320	2279	7462
8414	2769	7904
1096	8079	NA
6891	8079	6813
5611	5815	4478
1373	3416	5754
7773	2611	6865
1426	1515	7462
5664	1515	7462
6508	351	4478
3178	5371	8025
1217	125	NA
924	8477	NA
1256	6555	7462
6842	NA	2477
1259	245	2835
3013	2623	NA
3395	5928	NA
6533	5928	NA
1102	6159	NA
4921	8281	NA
2847	4542	3068
6808	5436	7789
557	5436	7866
7503	4489	7789
1389	6768	7789
7275	6768	7789
6187	8605	7789
4565	8407	4478
3673	8079	5837
7190	8079	NA
3369	772	4478
1910	3227	NA
8973	255	4478
2871	8345	6813
4235	1760	2557
6023	5556	4885
7731	5920	NA
6723	2467	7789
7557	2467	7789
5504	5631	NA
58	5815	4385
6197	4935	3338
5007	6555	481
9013	3082	4478
1345	3879	7866
3216	1456	4690
3789	2548	5275
2584	6477	NA
3650	125	383
7729	8261	8061
2784	8261	4478
7906	2034	2182
6727	5503	7789
350	5503	7789
2330	6520	7866
4059	3857	8061
7706	1647	3090
728	6846	4478
1039	7760	6813
7581	5751	4478
6071	NA	7789
342	8037	4478
6084	8037	783
2176	516	6813
4838	8913	NA
5667	1833	7866
3278	6692	7866
6514	8526	7866
6312	4542	5019
25	8477	7866
7830	335	7534
8409	6503	4478
2285	8281	NA
8223	2935	6813
4439	8932	5629
50	NA	8195
5113	NA	1225
791	3227	6813
6371	5556	NA
1327	8605	7789
4295	3082	3338
3708	3785	8195
65	3785	8195
5312	5815	8195
6315	3747	6813
3195	125	NA
7775	5631	7876
4964	6692	5019
8833	4707	NA
5256	6728	NA
7907	1760	7039
1539	1037	7789
4523	8037	8058
2453	382	2830
7008	6520	3338
4688	2317	8195
3728	2548	5811
6529	5920	5629
7835	2623	5275
6786	8407	5275
6461	8281	822
1118	8526	481
7277	1833	7972
1819	1073	7866
3474	8004	6915
8368	968	2182
2284	516	7866
7553	5815	6813
5047	6159	7044
613	2899	7534
8501	NA	2835
3073	NA	6915
2133	2279	8061
559	772	5495
6934	4489	5811
4273	2769	1478
909	1760	2185
977	5556	NA
2412	968	7972
3847	3747	143
8373	2034	7498
7299	8037	481
5434	2186	5019
243	2186	5019
8548	5631	5811
4025	5920	7804
7538	5920	1478
5980	8202	481
8149	6692	7804
3096	6692	7972
5031	6728	7612
6213	5815	8061
7716	6325	8061
4573	2317	7972
3444	5110	5019
5624	4934	5629
5109	382	2182
3256	8281	6813
1955	7158	783
5778	8477	3338
7403	NA	1874
4293	1083	4404
3969	NA	3338
1998	2769	69
1180	8533	8061
4195	5920	5811
3564	5110	3338
3510	8202	3988
2219	125	5811
258	1833	3338
7129	382	2175
8208	3227	1478
8509	8281	6270
7386	4286	NA
4281	5631	3988
646	6179	NA
6827	7158	7039
6393	8477	5019
4180	NA	7534
7072	NA	5622
4481	NA	6865
5791	8533	1302
3435	2769	7039
7049	2769	NA
3531	3747	NA
4119	5110	5019
6552	968	5811
5353	1456	NA
7418	2034	NA
7208	5920	8061
6894	2623	5629
8123	6	9037
8011	382	1478
3823	4991	4317
5127	8004	1478
8842	1833	NA
5864	4286	NA
1442	5556	6314
1149	NA	783
4364	2899	3924
3277	1073	NA
8969	NA	4790
3391	NA	1225
3709	106	NA
3979	6019	NA
8003	2288	NA
3949	3270	NA
3347	1984	NA
9048	3197	NA
1965	4337	NA
1619	5677	NA
536	2088	NA
1652	5429	NA
7381	6853	NA
6136	666	NA
2504	1013	NA
8631	8419	NA
458	1125	NA
78	7897	NA
3175	8164	NA
1627	8164	NA
1079	5818	NA
80	5818	NA
7502	6091	NA
6674	327	NA
4893	8403	NA
4511	970	NA
8232	6476	NA
5326	6476	NA
2060	4697	NA
1646	3871	NA
498	3871	NA
2950	4677	NA
208	4413	NA
3563	4413	NA
4376	3538	NA
8393	5124	NA
5125	8119	NA
7742	8275	NA
3070	3882	NA
4392	513	NA
4215	5354	NA
8988	7966	NA
1649	1045	NA
8131	2291	NA
3260	6568	NA
3331	7554	NA
6423	535	6865
3723	1860	4478
8521	1674	8827
5399	4029	NA
4846	4514	8827
2858	52	1202
796	845	NA
2722	2452	5754
3516	6001	2835
554	4704	5517
2264	4927	7670
4045	5057	6739
2853	2922	5393
963	2008	5622
8266	3840	3467
2852	3840	5622
966	6443	4478
1672	6526	NA
5747	6526	NA
8613	1178	NA
2581	5928	NA
5430	7020	8827
7440	6647	3338
6152	1024	4478
6550	1024	4478
211	5296	1989
8708	4356	8827
4544	5108	8827
4340	5220	2828
1268	5257	4404
302	1283	NA
6150	1283	NA
5050	149	7789
6387	6555	NA
4930	2750	956
16	1647	5622
5389	7027	5811
8880	245	7999
5411	4827	7999
2917	4492	3338
3193	4492	1978
3084	3252	6813
3417	4489	1302
5163	3227	1478
2827	8632	4404
757	5815	3179
1737	8778	NA
7948	1760	NA
5973	1073	NA
4371	5564	6813
7758	6325	NA
1463	968	3152
7727	6692	4171
2346	125	NA
771	5371	2613
2024	6179	4951
6465	382	NA
8552	8407	5275
6709	6	5019
4875	7158	NA
1981	6728	NA
3300	3747	NA
5316	1073	NA
7685	2769	3179
4588	6692	3179
707	4186	6466
3576	7873	6270
5923	6179	5019
5187	4991	NA
6083	NA	8959
8886	7222	8497
1666	7222	2691
7604	7222	NA
6165	7222	3675
731	1983	NA
4723	1983	8618
4610	8678	2776
8796	3270	6673
296	4770	7095
320	7537	3870
3717	1983	5808
2173	8678	3400
7802	8746	6380
2976	1532	2144
3080	8082	819
5168	4153	5808
4259	3754	2067
3521	64	3147
7942	8746	8916
5369	1983	7744
6217	7519	7683
6952	5670	5231
9038	801	3147
6848	8678	2067
6856	2196	NA
6411	2113	2043
5580	4770	NA
2155	7537	2448
4008	888	NA
4663	5516	6739
22	2467	5386
1189	1728	1269
5203	2506	5808
6881	7432	4332
1879	6346	3147
3088	1531	6599
3063	5301	11
9025	1368	6865
8921	8316	7334
7200	3871	8959
7752	5550	3147
816	6159	5493
8429	6299	6936
8953	7519	3379
4527	1368	2566
1402	2966	1269
562	8678	1723
8799	6670	5493
8721	5516	4985
8418	8575	8216
7609	8746	2939
7229	888	30
1338	5169	3147
6261	4122	8168
683	6526	3582
495	5670	NA
2648	4770	1032
4744	7432	1953
3207	2035	NA
1349	5301	NA
8188	2196	319
6669	1983	6279
8197	1531	11
8517	6803	NA
4936	8145	NA
6141	1283	7062
4735	3754	6134
2429	8376	7334
1028	4426	2275
1401	6477	79
6994	8703	NA
2077	335	1297
6843	8605	819
4971	7681	7334
6794	6788	5386
260	7519	8168
6276	6132	3815
4246	3111	5386
2975	1647	3147
7461	3785	3147
121	5314	3147
7475	7537	7531
6505	8079	7334
2634	52	3928
4931	4485	7334
5992	8746	8840
1144	6803	NA
1769	6299	NA
8120	1531	NA
8777	2196	NA
2305	3776	NA
3507	8145	NA
3360	5516	NA
4734	7432	NA
7903	4770	NA
8229	1398	NA
553	6159	3147
6907	1368	5493
6852	3054	NA
4314	6091	819
5446	7227	5676
5746	7537	NA
5541	3754	7683
7690	3636	6599
4686	NA	7062
1153	5751	2275
124	NA	5808
2810	2196	8827
4123	6208	NA
1705	5296	5183
9021	4256	5589
565	5516	4478
3737	5900	819
4196	8605	7334
2779	7219	7462
6971	3733	3467
14	8116	7334
8978	8116	7334
3985	2922	5320
5357	6106	7334
3558	5895	7334
6730	7432	NA
1582	1398	4094
6845	4426	3815
4092	7519	1989
2180	6001	819
1829	4252	3467
2704	3747	7334
7374	6299	7334
6130	3994	819
6233	7813	7744
4013	3776	3467
5037	4854	819
6341	8560	3467
229	52	7334
6086	1647	2136
1850	745	7334
8029	8738	7062
6006	4485	4690
1241	6555	7334
8361	8341	7062
5401	6768	819
3483	2635	7972
5551	8037	7334
1347	5935	1953
3290	8678	3869
2945	3054	7334
4528	3916	4094
5665	8504	7334
8380	7898	5320
7409	3837	7334
2101	NA	5183
7762	8746	NA
776	8703	NA
6871	8145	383
8722	5949	7866
2444	8575	7972
195	8575	7972
4797	335	7062
8384	8316	7062
3648	6245	6688
8652	3799	NA
6414	3754	7334
1895	3857	7334
5814	4067	3815
5653	5529	4094
2143	2548	7334
4721	7722	8976
4322	NA	7346
374	2935	7334
539	NA	7062
2072	NA	2763
269	NA	7062
6478	3499	819
448	2611	7334
8983	7813	2828
7917	6516	7334
2590	8732	7334
4582	772	819
3740	2934	2828
1950	8970	7334
411	8746	6119
2357	2196	7866
6125	1674	7304
4375	1696	7462
756	3356	7334
969	3356	7334
2114	8345	819
3406	8703	NA
8286	8316	7334
1616	5881	90
764	NA	2234
7598	335	7304
758	5631	4094
6362	7219	8827
5968	1971	2234
5245	3754	4478
4818	6299	3815
358	8145	6688
7412	2749	5754
6807	5516	5754
6143	4252	2108
7626	2317	3815
4354	2317	3815
8927	8901	5116
1089	5949	4943
8857	3416	4094
2179	5895	6406
5388	7519	1989
6298	5057	609
6105	2985	8386
6030	NA	3811
8949	7333	1396
1839	8576	6347
1871	8560	1202
8564	6237	3815
7967	4783	3815
5420	2452	7334
6352	3837	7866
7888	8678	7040
7530	2069	1854
1626	7898	4478
7143	8526	7334
1354	7537	4385
6337	5503	4236
8909	1794	4478
3608	4167	3815
8331	3776	4385
4446	4485	7334
6652	4485	7334
7560	2635	1989
6932	1969	4094
7932	8063	4385
251	2899	7653
4128	4854	819
5827	5935	7653
3151	8116	3815
4974	2829	2763
5798	5169	3815
3908	1647	1110
257	7935	6406
5102	1689	939
8681	3253	7866
4139	450	1101
2757	245	7334
4683	NA	4094
2609	NA	2339
4550	3843	8827
407	7698	4478
5554	3971	7334
5865	4672	5622
6863	7287	4790
7667	7663	7334
4382	6707	819
6334	5583	5317
506	5981	3815
2954	3916	2828
7476	3733	2828
7025	4739	2067
934	7432	NA
7625	782	NA
6638	8575	NA
2086	6477	3815
4719	6001	7334
4172	3799	NA
8095	8738	3815
2087	3082	4094
8413	6265	3068
6795	2071	2505
2372	7439	7044
8956	4827	7334
8937	6245	NA
4617	NA	1159
7664	2113	7334
293	2196	6865
1809	6441	3815
8443	6768	2727
6581	3356	7334
3537	3356	7334
5616	3733	4385
5331	4489	2727
8690	8145	5622
8354	7219	NA
6961	7432	575
6663	3227	7334
5728	3082	3815
6383	3054	4161
2526	3754	8827
5960	8261	819
6222	450	8058
6656	6132	819
2328	7898	6791
3388	8901	3815
3774	7642	1101
4034	5516	202
3326	3843	3815
8806	3785	2136
7777	8738	7062
527	6237	NA
4260	2467	2727
6007	8678	783
6560	3916	6369
6909	1689	1202
2885	4739	2727
7399	6208	2727
7497	2985	3338
7477	7027	1854
7103	1969	5754
7250	7519	3815
7622	6	3815
545	8932	7334
9054	5084	82
4517	8063	5837
301	8526	3815
5248	5949	NA
7223	2317	6128
3637	4485	8025
5340	2635	3815
4749	1398	3467
1329	8004	7062
4750	2473	1159
1816	1760	3815
2644	5001	5622
6173	7333	7462
7274	7813	6402
6467	2004	783
4145	6299	1989
63	8504	1854
1548	5981	7062
705	7268	6402
4876	3655	NA
1511	4672	NA
6668	7537	NA
6561	7537	1202
270	5542	4761
7544	8560	6739
6667	5751	7062
5767	3971	8178
6509	1833	3815
8945	5499	NA
2204	5935	4094
884	6245	2182
2649	NA	6544
5211	7813	7789
8092	4251	4478
6973	7898	7866
7196	1515	7062
2210	2113	3815
4583	2934	7866
126	8145	NA
3429	2279	2727
7152	2196	383
9004	4739	4478
7504	7268	7062
7194	3754	7062
5800	1696	8561
8327	3356	2727
6646	3356	4094
5917	7287	4385
8996	3747	5320
5079	1143	3338
6518	382	4524
8741	5565	4790
2455	5516	383
6127	2985	7866
5834	7439	8386
6657	3111	3815
2110	7519	7789
4504	1689	7789
8527	6299	4435
7600	6299	2136
677	6208	2727
4812	3655	5622
5655	3733	383
7389	450	8739
3281	8063	1225
5648	NA	4524
2272	5499	481
4075	4485	2727
2702	4485	4435
7382	7219	2339
4216	2317	3815
3719	4672	6813
470	8202	2727
3332	1969	4690
3209	8504	2727
4873	4538	NA
4584	3054	2136
7003	4252	383
8222	4934	2234
2201	2069	3815
7488	3916	481
2064	8678	7866
5741	6	3755
1603	3971	8178
9057	2635	5811
7419	516	5320
838	8738	2727
7361	8504	2727
1761	4229	1524
7623	3785	5609
8546	1398	7006
4339	5935	3815
4694	2769	7653
3621	2194	82
3237	6237	5275
1485	2004	6813
5263	2473	3815
4265	NA	2727
7909	5949	NA
5756	NA	5320
5707	NA	7017
6404	NA	7062
2273	4489	2727
32	7813	2727
7864	3650	3106
7245	2769	1145
1721	4739	8178
76	8732	2136
2430	8345	2727
8980	7898	2727
7312	4252	NA
1784	4252	4520
6944	7287	NA
4782	7287	5811
4920	2823	7876
2211	2186	5546
8268	772	4481
2290	2279	2136
6069	3843	3338
7176	1515	2727
3302	3733	7876
8181	3592	2136
6539	5565	1660
5870	4251	7972
8679	4552	1145
8085	4101	123
2535	3054	5019
4381	5499	2835
6005	5499	8561
5177	1037	2727
3286	7877	3815
8636	7877	3106
6797	8145	7972
6703	4538	3815
7301	6237	5622
7294	7432	2136
4202	8477	4524
4329	8932	5252
2481	2985	58
3148	1696	2136
6121	4672	8058
5299	3655	7062
3802	8533	1145
5194	5981	6813
4455	3971	5275
2604	7219	3338
3426	1143	7866
7493	7333	3815
15	4600	481
2188	7439	481
6558	1969	7972
5181	1969	82
7680	1689	6739
799	2317	5609
6211	5542	8058
1248	5169	2727
720	335	2727
4027	8202	2727
1343	2635	2727
5978	516	2136
546	5371	2727
190	6208	2727
7471	6208	2727
2502	2004	2727
6570	7731	8058
7587	1696	2136
5277	5007	3815
2074	8738	2136
2443	3689	7729
7292	4186	2234
7349	6997	NA
5518	5935	7972
3466	450	2136
4209	1794	5019
8761	4067	4481
4841	4600	2727
7291	5949	8061
433	4934	8524
3463	4542	3673
2320	NA	1159
3817	NA	3805
7435	NA	4481
8090	104	2136
9012	3356	2136
7990	7898	2727
7263	8489	2727
3092	4739	3106
1108	7813	2136
8408	9013	3815
3931	104	5320
8523	7219	6813
1797	7219	6813
2370	8345	3815
3794	8345	3815
1237	335	5320
4499	4251	7972
3454	3733	4524
1777	450	8061
4114	8145	NA
7547	7439	7876
472	5542	NA
5122	4252	123
2685	1143	5495
7182	5499	3106
3866	5499	3106
5706	4838	4524
5763	3843	9037
1160	6299	8061
4007	6299	7113
4208	2548	5320
6527	2623	3106
1743	3971	1478
6472	2330	1478
3164	1411	NA
401	8973	6813
6431	3689	4481
5698	1696	5811
8023	6	4481
5121	7877	8561
8608	4538	4435
8252	4538	4435
6955	6208	2727
3587	6208	2727
1758	2317	2136
4327	6106	2136
6801	4600	5629
8854	3650	7039
9027	125	3815
1973	5371	3755
766	6520	8561
7568	4552	2136
1849	3054	7612
8091	3054	3679
4	1794	7972
1040	4186	2234
7251	1833	2136
8456	8004	3815
1437	3916	NA
2639	7057	4524
3824	8526	2136
7536	3111	123
286	1515	8295
6118	1515	8295
7352	3369	NA
5454	6315	1874
7316	6786	3106
7960	NA	3805
3772	8477	3755
3848	6371	NA
7218	6892	8223
144	5371	3755
7055	613	5546
7004	2823	NA
5209	4229	NA
5915	1969	2727
5134	3082	2727
1060	6245	7972
592	2004	2727
1858	3857	3815
8113	7136	3969
6720	4565	2234
2625	3655	6813
2426	1456	4445
1298	NA	7653
7691	NA	4435
5953	7813	6813
5149	7898	2136
1662	4739	3815
6820	3592	5116
3977	4489	3106
6196	2279	2136
2440	772	2339
3095	3785	4524
3937	5815	3106
8952	7287	2136
1483	7287	2136
8102	2330	3106
1546	4538	1327
7101	8004	2727
8189	968	4435
7677	1696	5811
6381	2623	2727
1759	3082	2136
2890	8145	3815
3865	7333	7498
3791	3879	3815
8068	3879	3815
5400	6299	3106
6355	5499	3338
5703	5499	3338
1192	4838	3338
5473	6237	69
2132	4707	2136
2707	516	3106
1843	1969	2234
4575	1969	2234
9022	3650	NA
38	2823	5320
2464	2635	2727
4056	5935	822
4526	1539	2136
7181	6892	2234
5375	6371	3338
5458	3689	5019
5506	6	2133
1123	5556	5320
964	3747	2136
6250	3843	8561
5005	7861	123
4915	5565	5019
7108	2985	8561
2302	6208	2727
1902	3916	2727
8823	8973	4445
4992	4565	2136
3327	1760	2234
5929	1456	2136
4794	4252	7099
8349	335	3106
8147	335	4445
5658	2548	4481
6493	3655	8561
7658	3971	4404
7254	7219	3755
4484	7439	8061
8191	7008	2727
5138	903	4524
1226	8407	4435
246	1355	2136
4549	1143	481
4037	2004	2727
1069	3256	5495
7747	3733	7039
5261	6930	123
8606	6934	3815
2572	6786	2727
6359	8063	3755
7925	2412	6050
6859	4251	2727
787	5935	822
3885	5631	2727
3792	450	2234
2232	3474	8295
3304	6692	2234
122	3111	2727
1640	1689	5546
4513	4934	2136
4929	5542	2727
1840	4229	4674
3588	6441	2727
471	NA	7062
4165	NA	2339
634	5815	2727
4870	5371	4445
7984	7813	8561
6064	772	1118
8815	7898	1302
2236	6934	NA
3519	4739	5811
508	3592	3106
1151	7287	8061
1196	8973	4481
1086	8973	1478
2774	8605	2727
8480	7333	NA
1974	1411	2234
3941	1760	2727
8808	4251	1478
4990	5542	NA
4738	613	7503
6642	6237	2727
5607	1456	3106
1197	5565	NA
2790	3474	4481
3053	6208	2727
1570	3843	NA
2471	4252	5339
2578	4252	2058
2734	4672	NA
1058	2823	5495
3907	2330	4435
429	1143	6813
3240	4538	4435
6763	2004	NA
8544	6786	3106
3370	3096	5976
6225	1969	2727
193	1969	8295
485	8202	2727
7065	3655	2234
8662	8063	1919
2555	5624	2727
7616	2635	2234
3110	4195	8508
5303	1998	NA
385	2412	3251
4591	NA	5116
5841	6299	2727
3042	6299	2727
6075	335	2727
5637	2004	NA
2271	4229	NA
4095	3564	NA
4545	NA	4435
2141	4273	7401
651	5312	2727
1659	5499	7401
3913	6930	123
6878	4934	3106
4466	7877	4524
2367	4565	2182
8826	3916	4524
5661	4838	NA
5107	NA	4481
5490	1689	2727
3184	NA	728
6368	NA	1159
7019	NA	7062
1400	690	NA
2362	940	NA
2445	4597	NA
2010	2965	NA
1331	5670	NA
2671	5466	NA
7769	6782	NA
1766	7546	NA
5288	8299	NA
5785	3636	NA
7545	6670	NA
6239	1983	NA
3784	5571	NA
8798	888	NA
1099	888	NA
5933	2035	NA
8803	7227	NA
1243	5301	NA
3105	8888	NA
2944	621	NA
1720	3012	NA
832	7192	NA
1111	8755	NA
1994	8990	NA
4272	282	NA
3071	3183	NA
1323	8764	NA
4769	4955	3815
3819	2972	NA
8070	7510	2339
3864	7663	5320
4981	2205	3467
3951	4603	4478
420	6516	7334
653	5154	5317
2120	6707	4478
3022	5097	123
8450	782	1225
2209	4960	7062
2091	2860	NA
2995	8316	3815
7215	8316	3815
1655	482	7653
7414	4407	6787
3693	183	4094
4530	7698	1459
8007	5881	3815
1078	3776	3467
198	8575	8827
2039	8575	8827
7674	2749	NA
7871	3032	NA
5941	5156	1854
1359	8725	7062
206	7020	3811
631	5314	3815
8998	3799	7876
8578	2661	1101
8405	6585	1101
4933	153	3815
807	2355	3815
4501	3810	2727
3605	2622	8311
8243	3994	3815
3580	3994	3815
8077	3837	NA
4569	3837	NA
83	8703	6491
469	6255	90
2848	3066	2727
1336	8970	2727
6691	2281	3815
8385	149	2727
7899	4426	2727
4639	4783	2727
2001	8261	8561
5946	1389	7044
7846	7464	82
7594	3754	NA
1566	8678	5495
5036	2934	2136
7037	2934	2136
6149	4235	5629
4995	5436	2727
560	2467	3815
5678	2467	3815
2337	2935	3815
8743	5516	NA
755	5516	NA
5165	8913	7062
1613	8913	7062
6087	7760	2234
396	2196	2727
6231	1910	7653
460	8932	2234
5605	8732	2136
4736	909	8561
584	3847	1302
7438	8373	8061
4825	7538	3338
1128	5949	8295
2785	6846	3106
3981	3356	2727
5308	104	2727
107	8526	2339
4087	4942	123
3358	8021	2136
6698	8208	4731
8467	2548	2234
4590	2548	2234
6861	3369	8508
1937	1696	NA
309	1696	NA
6940	8605	4435
6770	4838	6813
1272	4739	5275
3821	772	2727
6034	3785	2234
5890	6934	NA
2621	2769	2727
7241	6786	3106
6556	1456	4524
2562	7716	4524
6242	1969	2727
2019	4251	NA
4922	258	5495
4855	613	3106
6482	5542	1327
5961	2823	NA
2244	3564	2727
4515	4523	728
3473	4229	NA
7875	7813	NA
1216	2098	4435
4051	5499	2727
8338	5499	6813
1497	4101	2234
1409	8145	2727
6744	7439	5339
3247	8533	2234
7705	5624	5019
7395	5935	4524
7437	5980	6813
3560	7861	4435
5086	4273	NA
2990	4565	NA
5041	8477	1327
2379	3916	NA
814	6371	NA
3713	7008	NA
1450	7813	5019
7985	6135	7334
6144	3843	6483
4164	8202	728
5229	2034	1327
1673	3971	3106
4632	3971	4481
3002	4751	8295
4687	4538	1327
1428	4538	1327
5030	1083	3106
4486	4739	3179
7187	7912	1327
2895	5499	243
2124	5353	3179
7393	8407	3106
131	3564	2234
4225	2635	3106
5958	4229	NA
5833	2330	NA
1047	5371	2234
3750	5371	2234
8735	4251	1919
2436	4838	NA
4431	4838	NA
8951	NA	3102
5038	1149	NA
2740	NA	2219
5135	2412	NA
7310	NA	4435
8518	NA	5252
8175	2985	NA
1088	3689	4481
1203	4195	7962
4657	3096	1919
8324	4565	NA
2882	968	3106
2837	2412	2234
1492	7333	1118
681	3650	NA
4729	1411	2234
711	8973	4481
7718	3256	NA
5421	258	7063
3529	5312	3106
7342	1998	6270
3319	1969	NA
2287	1149	NA
5738	6934	NA
3494	6371	7498
1615	3435	3924
5048	4273	728
7720	7716	1919
6066	7049	3179
547	3834	7604
3565	5675	7604
1932	6717	7604
3476	4256	7604
5805	8796	7744
283	2173	643
1713	6353	7604
1068	3871	6217
8087	2173	4324
846	3717	5622
8104	3687	7604
1946	5580	NA
8644	8796	NA
303	6141	2891
6572	2899	7604
1369	8678	3063
1543	8004	296
4291	5580	3007
2312	7942	NA
622	7681	7604
6847	320	NA
6630	3080	3147
8989	260	1989
5875	5580	8827
1725	4935	4971
3182	5084	2429
223	535	4971
7592	553	5754
4124	6843	8386
1890	4735	NA
113	6276	3869
7822	4735	6491
7858	2077	4385
4274	2975	1582
4266	6505	1526
8914	782	4322
3497	8978	NA
5685	5580	5837
8169	260	1202
3591	6871	7744
6947	NA	124
686	NA	124
7886	4781	1028
997	2945	4322
5226	8722	NA
5614	7461	NA
3825	6843	1989
971	442	1153
8215	8261	4322
8146	1398	4971
6836	3054	6730
3389	2970	124
3936	3483	3869
6470	1829	819
4299	4092	7334
952	6006	1989
8574	7374	NA
5452	2704	6107
7983	6130	7744
222	5357	2067
2171	5499	4259
2151	8361	4478
5883	4797	4802
5782	6414	409
7343	14	3869
6360	229	3815
7422	8342	5037
2640	4781	1028
6013	5565	4971
8847	6276	NA
2393	263	4322
281	5934	6478
3662	553	3869
9044	5625	1028
5042	140	5037
5272	140	5037
1421	8029	NA
2624	4246	NA
8117	4246	6865
2286	2255	2357
6632	5895	2634
4641	149	7143
5570	5580	4478
5515	2945	7926
5635	6843	3815
774	8021	2444
4932	4246	3467
3289	6937	4322
3839	3483	4106
1146	7374	8025
7305	4252	1028
6864	4252	1028
2252	2975	1101
7915	6994	4094
5350	8978	NA
614	2934	4259
7701	9021	1202
3585	7287	4196
5718	2077	6491
3188	229	4013
6839	8722	4385
2046	2704	NA
569	2034	6845
5286	6276	NA
7080	3558	7334
3274	6006	NA
4357	1241	8827
7255	6414	2835
6216	8560	4971
1093	1829	939
5405	553	2835
594	5565	4259
1907	14	NA
6696	5357	NA
3305	1705	5604
7693	4067	6971
802	7333	4196
6332	2077	7534
173	6843	7904
4880	2623	4196
3114	6441	3985
7957	229	565
7655	2180	8178
6603	5340	3755
8362	5580	7866
7659	6125	NA
6268	4749	4196
5043	8978	2557
430	14	4385
4660	3843	4196
7900	5580	3815
6115	8021	3985
6169	9021	5629
6306	8533	4196
1018	6994	7972
4766	7027	374
4807	4246	6107
918	1705	7866
8885	7642	1895
709	3558	3988
3352	5331	5546
4832	2704	7233
8589	1037	6730
3242	5542	4196
440	7374	82
2683	2945	4690
8135	5981	1895
4290	6505	7972
3234	6006	783
6680	7760	6730
5769	5357	5629
7728	6276	3815
1755	1073	6730
7118	1829	7233
7708	8361	8061
8723	8004	6404
4002	3483	4445
5999	8738	565
3691	1241	NA
1109	NA	1895
4654	4034	4885
6666	1411	3290
1475	7888	NA
4066	5371	5653
4268	4067	5665
2036	7877	3737
8258	6414	NA
8080	2975	NA
3381	2255	7152
8109	5648	NA
5839	6127	1302
6661	7664	2136
4490	6441	5834
2409	3356	301
3149	2077	8178
1896	8345	8690
3638	7622	4196
7918	6414	2727
5095	5331	4196
4895	14	2136
4021	9021	NA
6492	6581	1302
7445	1809	7972
6475	4034	481
3076	4246	8690
1544	6299	1895
5302	6843	3985
6637	1456	4196
8896	2945	5019
5159	3857	3737
2892	3857	3737
4052	8361	6813
2417	5340	123
5859	6	5665
551	1411	4196
5033	1705	6813
5078	2975	374
8064	8978	123
777	2034	2328
6898	2985	565
2520	6994	3102
8946	3483	3338
8030	7374	3815
2221	4517	5622
857	8063	5707
6340	6125	7904
4714	229	NA
5803	2704	7789
2599	5960	565
4570	5580	2830
4816	5580	6813
1106	3558	5811
3328	6006	7972
7007	3916	5665
2544	5357	4404
6277	6973	2835
8392	6007	5707
1842	3637	3985
3295	1241	5275
947	8222	NA
156	5741	4750
5232	2272	NA
1129	3281	NA
4433	4265	7866
722	6505	4196
4975	1829	NA
8042	7488	5546
181	NA	124
8040	NA	6730
8051	NA	3737
1281	7287	3737
2351	7287	3737
718	2255	9004
2553	5331	1478
5507	7664	2136
4628	6843	4196
2403	3227	5665
5267	5580	2136
4795	5580	4196
7345	1809	4524
4141	6505	3195
6519	7333	565
4503	3637	2535
936	9021	8690
7848	8978	1895
403	8978	NA
8844	6006	8690
7539	4252	6845
5054	8407	374
518	5981	565
1947	2077	8561
7309	8021	1895
2637	6276	NA
6094	5960	3679
7963	2704	3737
3542	3971	565
2465	2975	3988
8491	229	8061
7341	2526	NA
5166	2985	3817
3829	7003	NA
3373	4265	6845
256	14	4481
1223	4034	6181
5146	8361	NA
8870	2635	3737
3718	6414	2182
8396	1689	4196
1350	5340	7972
2820	6007	5811
7979	5565	4196
5230	2945	5495
8774	6973	1921
4888	3483	3179
7322	7888	2136
7428	3558	1895
6521	3558	3391
6184	7374	9004
4169	2272	4196
8593	8063	2320
5217	4672	6211
5307	7488	2649
4609	5357	5019
7628	4841	7876
623	4246	2320
2933	5177	3338
1158	4455	4138
8038	2604	2386
5251	4202	7876
5627	8268	4196
8786	3719	7972
7891	7301	8561
6301	3474	8761
1831	3281	2185
8594	7312	NA
8177	546	123
4080	6069	6813
6812	5181	7951
7491	7493	5019
2131	1829	2234
7878	1073	6121
2326	677	3737
7599	8980	2234
1944	6125	2136
7022	NA	8690
4073	6994	2234
1594	6222	1895
703	6503	4196
5533	4920	6618
2761	4942	8690
4307	NA	6845
2786	2975	3988
6308	7664	1302
6977	1809	2234
3043	2604	1478
5013	8980	2182
2565	2272	4196
3341	8268	1302
7515	14	8061
593	1705	2136
2696	6843	2727
7038	7873	7245
311	6125	4404
2841	4034	2234
3363	7493	1298
3490	962	7680
3170	3637	123
4362	6414	4196
7337	6414	885
4022	3483	3988
8302	7301	5763
3505	7312	5811
4315	7888	5811
8067	6006	5811
2420	6325	5978
1580	1241	3679
4531	5340	2136
7610	5340	3737
5381	3558	3679
4224	4265	NA
4999	8605	8690
1140	7622	2727
6697	2526	6813
3987	4202	2234
262	2945	8061
8174	6505	6813
3993	2704	3737
7867	3369	2320
7347	6069	NA
7390	546	5983
6986	8978	2136
4015	5981	2320
8012	6007	1919
7085	5960	7876
4039	1411	7435
2111	8361	3463
5442	3719	8061
7378	5181	2727
3504	229	2136
6229	5371	4196
632	5371	4196
5278	7374	5019
8621	4672	4196
225	5331	3338
830	2188	7498
675	7483	1298
8432	5357	NA
3306	5121	7904
4636	5564	4196
3004	9021	123
7565	4499	3106
8165	3092	4445
5759	7990	1343
1717	3164	2136
2138	4114	8295
35	7716	9057
3731	1437	3106
8314	5580	5320
2021	1073	3463
5626	3281	3338
165	4517	NA
7794	6245	2649
5573	6222	3815
1324	1829	6314
8627	4455	4196
491	6503	4196
54	NA	3737
299	6843	1302
7771	8268	3338
265	8603	2810
8016	9012	3102
3223	546	7498
7993	3637	2727
1538	4202	1302
8780	2604	5320
3099	7287	2649
2121	7664	8061
7831	7263	4873
8940	3689	4196
7682	5134	3338
6679	6505	123
8510	6069	5320
4277	4455	NA
3337	9021	8938
5462	450	4196
4814	2975	7039
8801	125	471
8697	14	7401
3725	6125	3102
6893	1809	2727
7330	5981	4196
19	5981	4196
915	1743	69
5717	8980	2727
7151	8980	NA
5068	3281	565
7606	8978	NA
656	3971	1343
2938	4101	1343
8081	5340	2727
5899	6222	5811
6924	1241	2234
6126	2526	7039
849	7493	565
3130	2034	1895
4183	6892	4196
5615	4265	4435
8581	7003	4317
3477	1355	7245
9032	2985	4196
86	7374	5629
5439	3483	4524
3652	3483	4524
5780	7888	123
3703	5960	471
5071	5960	5811
1930	3650	1343
3359	6414	1819
2795	1705	5629
6081	6325	565
4006	4707	565
8340	4114	471
6774	3558	NA
2655	2704	5629
1773	3719	4435
3368	2188	7039
550	3164	5320
6162	6006	2727
5502	6527	471
6824	7008	4381
6676	1829	1919
4791	1829	1919
7323	4517	NA
6998	7488	2727
691	6994	1343
5750	7990	3815
4308	5357	1478
6714	5815	7196
2000	5915	NA
4645	4794	NA
355	4499	1478
6895	5580	3106
2716	1437	4674
5100	8145	4196
4624	2464	8608
2149	8091	3179
1453	3865	471
1943	3092	8061
2519	5458	6813
5074	1840	NA
789	7568	5275
1711	1662	4196
5567	4929	1895
6070	7716	7196
1064	4	1478
4562	2186	9057
8494	3931	8561
6731	1858	3102
230	6179	4196
6392	7312	8690
7162	8477	4196
1495	4034	5339
226	NA	1343
2414	NA	7245
8382	5331	4435
5597	5980	9057
866	7622	8295
2875	8361	8295
6662	6692	1343
7953	4841	NA
5468	NA	3737
3886	6141	NA
8220	6669	NA
5347	7942	NA
3165	5369	NA
7687	3717	NA
2118	4527	NA
3430	6411	NA
1467	3080	NA
2344	6952	NA
7169	2173	NA
2924	2173	NA
1173	8953	NA
3351	1347	6406
441	2779	3869
5443	8331	8827
432	8029	5320
4601	4354	3467
5521	4735	8904
2574	3608	4106
1270	4383	1028
3551	6298	783
7138	2970	2634
7257	251	4761
3322	260	5811
145	3776	4196
5152	5798	NA
7662	411	NA
4938	4283	4259
8155	3687	4931
7883	2966	5653
3683	4797	3815
3722	6647	6404
1500	7530	7534
6710	6143	NA
8947	4092	6107
2397	5388	374
4042	2086	4478
7648	6871	4478
2755	527	1660
7368	7399	3815
6889	2479	3737
4389	7223	NA
1628	293	NA
4768	1329	4094
6178	7103	7876
3324	7250	5622
2130	5084	2649
2480	4935	1485
2586	8079	7152
3892	8079	7152
6327	7906	3985
6190	6477	1895
6200	3539	5707
8661	7382	4445
1250	2455	4435
7968	7642	3737
8204	7642	3737
4352	6657	6736
3140	2180	5811
7522	2196	301
7893	3332	7876
2728	8901	8690
4594	8901	9004
5192	5299	NA
3037	2430	2136
3390	5169	4196
8850	1721	6404
2929	2481	8761
2051	5194	7835
5218	3466	123
7078	2290	2320
5273	1777	1895
4111	1160	1819
268	6955	4445
1813	3587	NA
1803	2440	7113
4833	5181	2727
642	6503	2810
2577	3937	5629
1201	229	8061
4048	2945	7503
199	1902	4445
6010	8808	1327
2794	2790	3106
1187	7251	4759
2007	3655	4196
967	6208	4196
911	6208	6558
1963	6843	2727
2556	7664	3510
2881	9021	3106
252	1809	NA
5743	8268	1895
5387	7263	8690
3527	9012	8295
1708	7912	7019
3690	2985	3817
8273	3637	4481
1772	4037	565
7450	2464	8295
1648	7493	4196
9006	8102	4435
95	7990	NA
6904	8091	7503
3862	14	2320
5351	4455	3924
6463	2188	2727
3343	8973	4196
4063	8973	4196
7280	3281	6131
5197	7312	3251
7211	1411	7019
6344	3747	4196
3887	8980	NA
2161	8980	1819
9011	8978	3152
8057	5915	NA
1470	2330	565
4924	6069	8295
5855	2604	NA
6882	2975	5441
7154	8603	7019
1186	6222	69
673	5312	4196
4834	1241	4196
236	5134	NA
2494	1840	NA
3109	6414	2234
4982	4499	3152
7474	2623	4196
1822	5473	565
8528	3719	7503
7696	5340	6131
5392	5340	3106
1796	7374	1819
7035	5149	3179
944	5920	7196
514	2526	5019
723	3931	1118
5943	4265	7362
3614	7568	NA
2389	6006	4481
4258	7301	3817
5513	4101	471
289	3558	NA
7282	6973	2727
4237	3483	4524
5155	3519	9057
8075	6763	5976
7071	4034	NA
3189	6505	NA
2472	4484	NA
391	3879	565
3049	6493	4481
1448	2132	5019
1041	6728	2320
6658	4992	1343
8559	6299	7019
3760	6299	7019
2075	4114	2727
6677	5929	3179
6841	4	3817
7621	NA	8690
8569	9021	2234
464	1829	6813
8537	5981	565
6333	8191	69
3040	7287	4196
1311	7287	4196
5640	2890	565
6326	1689	4196
4459	8063	471
761	2279	7019
8017	2272	4435
8579	2272	4435
1558	3913	1040
3201	7888	1343
8816	3082	4196
2308	7898	4196
5482	4252	1298
1905	4252	1343
5623	546	5019
4427	6994	4196
5162	1759	7503
7872	6973	4435
7941	7003	NA
418	4934	9057
8899	NA	4196
2595	NA	2320
2202	4034	NA
3920	1226	NA
5882	1437	NA
5292	5960	NA
5777	4841	NA
8351	5357	3817
5910	4517	NA
5225	5110	7019
8750	5331	NA
8503	6994	1327
3142	4379	4329
4109	6006	3106
8640	1241	NA
7717	2975	5019
2603	8102	5019
171	4499	NA
6602	9021	NA
2793	9021	NA
7889	3719	5088
1116	3916	4196
7874	3240	3391
2762	7912	1343
8687	8662	3106
1406	3558	NA
1461	3558	NA
6065	6414	5339
2686	2132	9057
8805	3474	4196
1706	1759	NA
9033	4934	374
4959	7664	5019
8244	7664	5019
1335	1743	8295
6186	8091	6381
4372	3164	4196
2385	14	3106
6592	5357	6131
3806	5110	4329
8272	4	4481
7678	8980	7503
7627	5960	5339
4062	5960	5339
3443	5961	NA
1861	125	1343
272	2188	5978
4776	6007	2320
1337	NA	374
3404	NA	1343
168	5135	7401
2808	NA	1298
6281	NA	1343
1559	NA	7245
4493	NA	4329
7166	NA	565
6607	NA	8690
71	5458	728
1892	5149	NA
1669	1840	NA
5268	3592	4196
5543	1437	1327
8592	8268	3251
2651	1809	5019
6484	7536	7680
6504	2464	6131
7197	7990	1118
517	4484	5019
6433	4202	3106
6517	2526	3179
1775	5980	2320
3773	1662	NA
5253	5134	3106
3126	5915	7503
5520	4037	7503
5578	3865	NA
6929	7108	3817
1177	7374	5339
4589	7493	6558
7146	8191	NA
349	4034	5019
2667	6069	2320
6683	6493	6131
7520	1969	1343
6243	1974	NA
8154	7622	4196
2438	4455	NA
6591	4517	4466
1996	193	1343
2616	1226	NA
249	2004	4196
1152	7568	3179
5082	7301	4196
6862	546	7503
2711	2604	NA
8974	7003	1919
2986	4552	4196
5794	2367	2234
7236	NA	8636
4010	193	7063
8371	NA	2426
2698	5340	NA
2106	NA	6820
7521	5096	374
7508	1829	NA
1320	4841	NA
6363	2704	NA
3875	2186	7680
7459	8281	2273
6671	7488	2320
811	3565	7468
3660	3476	NA
141	8526	1932
8905	6572	1159
1505	3476	8904
1762	1543	4077
2374	6572	7334
3555	5875	383
10	1178	1369
1788	1725	4478
2029	4124	4966
6068	7877	4291
4712	3476	NA
4587	5084	4291
792	1725	5665
5359	3476	5811
4865	1794	9044
7494	1725	2727
6092	774	6813
5139	3476	NA
7657	2286	1018
3159	3476	7972
1878	3476	7972
4495	173	7044
1520	7305	2234
6793	6994	7728
2265	1725	2136
6754	774	5275
6502	5635	5811
321	3839	2727
4568	3785	1018
2563	3289	2136
713	3476	1302
3694	3476	5629
5294	8533	5095
3265	1241	2520
2539	774	3338
2989	2286	4196
406	1725	3338
4373	8605	1018
5330	7622	181
5067	3839	NA
8922	5635	2727
3635	173	2136
3782	4517	3076
1052	5859	123
5395	6637	1327
2738	6306	1018
6290	4707	2520
4365	8896	8061
8607	4807	3737
2718	3328	3817
1407	7007	2649
1562	4052	6003
8176	1544	5302
5862	4714	9037
6497	8946	4445
693	7305	3338
8751	1969	5302
4808	6332	5546
7902	6340	7435
2485	9021	5302
5022	3149	7099
1848	3839	4196
1011	3483	2417
6625	4807	822
5982	2286	2649
7986	8946	2234
5557	3289	5320
4033	774	4435
6968	8896	481
4182	1725	5811
4457	3476	481
4886	5859	481
1564	5635	1018
847	173	4002
7921	1544	5019
8630	7003	4002
7964	8030	1018
4110	5033	481
9029	6306	NA
4830	2255	6094
1901	936	NA
2315	5230	4951
8470	4714	5339
7919	256	521
887	6519	3338
7132	518	8295
637	1106	5095
992	5312	1018
882	4888	NA
853	1515	2417
7084	677	8051
7730	6332	4445
4323	5033	3106
1719	6340	7063
6096	173	2727
483	7873	2326
5335	5859	NA
3932	4714	4002
2767	3839	5275
8583	6519	565
2748	5635	NA
993	4807	4951
4910	3149	5811
332	8896	4196
3880	2637	NA
3692	8870	2649
3992	7536	4002
3647	6306	8223
5781	6007	1018
8445	6	2417
8207	7301	54
3610	6184	7401
6318	1725	1478
136	1544	4524
991	8030	5811
8711	3328	NA
3705	1106	4002
7575	4888	8223
6356	8593	NA
3475	2286	2727
2528	2077	5302
5020	8946	8061
7177	6005	8051
698	5033	4481
5931	5146	3179
1817	262	5275
644	403	6050
812	7979	2182
6789	8491	2234
8726	4073	NA
5924	5230	7498
2999	6208	2696
6718	6697	5275
8684	2132	8774
3768	7085	6483
2867	5166	4196
2419	2890	8774
4622	6977	2234
5947	258	5302
2896	NA	54
7300	8087	NA
8464	8104	NA
5323	622	NA
4780	223	NA
8982	2393	2234
6249	3591	1028
6147	1543	4291
1767	8215	4404
1961	4124	3106
6385	5875	NA
5634	4961	4291
3930	6572	7462
370	2640	4291
1026	8589	2727
3640	440	58
5051	7519	5043
5157	6680	7789
925	802	82
8638	7655	2136
2289	7957	8739
6964	4570	6314
4647	4895	3737
8046	8064	7503
6554	8701	551
6175	6898	5769
663	2553	4002
4696	8844	2649
6057	5054	NA
617	5698	4002
1873	3718	2727
3285	4609	7039
6101	703	3805
5724	3289	7855
2063	6332	5811
8714	3476	5019
5562	4915	4015
5826	675	8561
6316	3504	8223
4449	8012	NA
2988	5442	2727
60	1760	4503
3081	9032	4196
4146	6340	1919
6397	4714	1919
4740	7873	4015
5964	173	8295
6304	5859	1919
5311	8491	5019
3628	5033	7401
1542	3164	1018
6810	8896	1018
1726	6519	1018
7348	2637	NA
5485	3689	1018
7833	3043	4002
234	7515	7019
9050	5635	2234
6305	4073	3106
4595	225	3381
3658	7085	9010
7093	5230	7401
4977	1725	2234
177	5146	7503
6593	6184	6381
5204	2635	6094
369	4888	3542
1016	3328	8608
2383	6306	NA
397	256	NA
7443	4	5468
3144	311	1287
5711	4251	6094
8550	1106	NA
4219	8946	1944
2434	3839	2727
1536	7333	7345
402	1662	181
5465	3149	4196
6899	6007	54
419	6007	54
7810	6527	2326
628	1858	2417
883	3096	5468
7551	3650	4503
7271	1544	2727
306	3092	1018
7487	4807	5275
1420	2021	803
7423	8870	3542
2714	NA	2420
5809	403	6381
7654	7867	7498
6634	1705	4002
239	8361	4002
393	262	2234
2277	6986	5275
2773	8697	279
6458	4999	1819
1748	1495	NA
7321	2286	2727
919	86	5302
5173	7979	2727
3131	6679	5629
5438	3223	69
1774	3363	4674
8851	3477	NA
894	5166	2234
8150	6697	7245
3346	8593	565
8950	7007	4196
2905	4286	2414
1933	6977	2727
2191	2034	4002
7863	2221	NA
337	7108	3542
7754	774	NA
1306	7305	8113
2348	2599	5019
2122	8627	2234
3087	3637	5302
7114	6786	8051
1444	2556	7063
9028	7831	NA
2606	3328	5339
3844	5920	7872
8531	225	NA
7069	4252	1018
3954	4252	1018
2335	5146	5019
5208	5855	NA
3299	1456	2414
856	6843	1018
7764	252	NA
4635	3043	8899
3425	5033	4196
1077	5033	4196
978	1725	2234
6442	256	6270
6606	5615	NA
3245	1930	2810
1574	774	4196
512	7305	2810
8039	8980	2326
5271	8361	4002
1155	3839	2320
3138	1743	1018
5779	4538	4002
2484	NA	5769
2425	6340	7113
4732	8896	1018
5450	9012	4002
2200	2637	2426
2662	4714	NA
4604	7263	8899
6289	173	728
3984	5859	3817
6104	6306	3251
852	7312	4002
5790	262	7503
8399	3092	4002
3203	311	3179
8214	4073	5953
8172	7979	1018
3210	8870	NA
7788	5230	1919
7588	7515	9057
4148	613	857
3284	3931	1018
7759	7158	8051
2758	4807	6393
4643	5929	4015
8227	7085	NA
1296	6977	NA
3734	4277	NA
6648	6184	2326
5700	1106	4002
5563	8491	1018
7061	1858	1018
8643	165	NA
8549	5166	69
6613	6521	2234
1503	6521	8899
8435	4523	4002
3855	8030	NA
5132	3987	1343
8100	6162	7503
8421	3490	5339
4086	3490	7634
5996	4992	8899
5886	NA	226
1804	6763	4002
3599	4552	4002
1127	1495	374
2441	403	NA
4012	4999	2234
3158	2286	54
6828	5331	1018
3342	6998	NA
543	6325	4002
5755	6986	NA
6732	1544	2234
4078	86	4196
41	4237	8295
2147	8477	4002
2712	2221	NA
1451	2021	NA
1391	6519	NA
4508	7323	NA
647	677	7345
8855	5473	4002
9016	7007	2234
3446	4990	2544
7115	1543	141
1547	2355	141
2369	5928	141
8315	1472	141
2076	1505	1202
3387	1505	NA
869	5359	1225
4793	1505	NA
523	1505	2339
3132	5359	1302
3072	1505	NA
4127	3159	6181
6672	2265	2386
879	5359	1478
2164	5359	3815
132	7488	5294
8556	5067	3106
3208	2265	4445
273	3159	5019
2380	406	4381
345	1505	6094
8009	1505	NA
5026	406	7196
6024	5067	1478
1388	4373	2727
1484	5359	NA
7413	3782	NA
2421	4182	1327
3742	1564	8608
8240	7986	5302
1958	1505	6813
53	3159	8690
1147	2265	4196
1563	1505	NA
8330	6754	1478
8558	5434	5294
8883	4886	5302
7880	6625	NA
7980	4457	NA
5988	3647	9010
7737	1564	7401
7868	1848	3988
1679	7622	8630
5112	4182	7503
468	3474	847
8018	1456	2539
4243	8030	847
324	4373	NA
3181	4195	8630
6311	903	5294
4468	7986	7063
6285	3971	2539
3523	5067	2417
8360	2265	4196
6097	1505	NA
3086	1505	NA
8977	6318	2417
2268	1998	8630
5712	5022	4873
7807	6096	NA
7091	5020	1327
6640	1355	2896
652	4110	7503
7998	8583	1343
2706	5781	8608
3375	5565	8630
8213	8081	2767
2770	993	6483
988	3159	6813
9039	406	4196
6031	5359	6813
4330	3782	7680
5602	628	NA
7808	1536	2810
7031	4740	NA
2501	5465	NA
4393	3159	NA
895	1725	8630
3513	5359	5019
1670	6810	5978
4952	406	5019
6903	2434	5095
3492	483	54
178	4110	857
3006	4182	5339
159	5022	2234
5764	1564	8608
5985	6096	8690
4615	6697	8630
3868	5067	4951
5364	1848	6131
4716	8946	8630
6320	2265	5339
1633	5624	8630
8462	4373	7503
5	4373	9057
1384	5335	5019
6611	869	6618
3361	4600	4793
7188	869	NA
8257	3132	NA
1356	869	2649
3939	7585	4793
8882	869	4002
4954	132	5294
5397	3208	7503
7829	NA	1484
2600	5026	7113
8699	3132	NA
3953	468	5998
982	7868	3924
390	4101	4793
7167	6311	4951
7879	46	4793
8779	3208	2234
4534	3208	2234
3061	132	6270
