ID	SEX	MUMID	TWIN	BIRTHYEAR	DEADAGE	DEADAGE.m	Jaw	Leg
4609	1	5357	0	27	0	11	101.5	70.93
3641	1	8732	0	8	0	11	98.92	68.01
5541	2	3754	0	24	0	10	100.69	69.83
5481	2	1510	0	29	0	10	102.02	NA
2565	2	2272	0	15	0	1	78.53	73.74
6038	2	4482	1	22	0	8	97.59	72.05
8724	1	2457	1	29	0	11	103.17	NA
4327	2	6106	0	27	0	11	98.97	76.3
1569	1	8712	0	11	0	11	103	79.56
6146	1	3559	0	29	0	12	109.79	NA
8134	1	3668	NA	6	13	NA	122.02	81.57
406	1	1725	NA	27	3	NA	123.43	80.79
468	1	3474	0	1	0	10	98.78	71.48
337	1	7108	0	1	0	10	93.12	67.44
7728	2	6276	0	13	0	10	99.24	73.33
5557	2	3289	0	15	0	9	97.61	67.96
1434	1	5956	0	13	0	10	92.94	68.02
1073	1	5751	NA	24	10	NA	122.22	82.79
6311	1	903	0	1	0	11	96.85	68.95
5570	2	5580	0	8	0	11	98.21	73.91
8425	2	331	0	22	0	12	101.03	73.26
7344	2	6251	0	11	0	7	83.88	55.5
844	1	6174	NA	25	1	NA	112.77	81.17
5244	1	561	0	7	0	11	103.13	NA
8103	1	2700	NA	2	6	NA	120.3	82.85
21	2	7636	1	22	0	11	97.23	67.78
237	2	5956	NA	4	1	NA	108.52	79.14
5662	2	1125	0	24	0	10	97.3	72.85
4057	2	1206	NA	25	5	NA	129.6	78.61
7619	2	516	0	8	0	8	97.33	NA
774	1	8021	NA	8	6	NA	123.33	79
2734	2	4672	0	19	0	9	92.46	69.27
293	1	2196	0	8	0	12	102.93	78.93
6506	2	3432	NA	23	5	NA	131.82	89.05
7774	2	4413	0	24	0	11	100.7	74.1
289	2	3558	0	1	0	9	97.51	66.25
8958	1	6182	NA	21	2	NA	123.17	NA
7390	2	546	0	15	0	11	95.48	68.55
561	1	4031	NA	2	6	NA	117.95	80.7
2167	1	351	0	24	0	12	103.7	75.5
6555	1	1793	NA	14	7	NA	116.37	80.29
1815	2	901	0	24	0	11	104.95	78.5
5080	1	1692	1	29	0	11	100.2	NA
8332	1	8479	0	3	0	8	94.66	75.14
7636	1	5675	NA	5	9	NA	129.5	79.3
1471	1	6689	0	23	0	12	NA	73.31
1284	2	6778	NA	3	6	NA	133.53	86.03
5427	2	4822	1	6	0	11	106.12	77.48
4337	1	5956	NA	7	1	NA	109.55	74.8
4581	2	801	0	22	0	11	98.07	72.86
4299	1	4092	0	12	0	8	84.28	64.55
8875	1	7931	0	22	0	12	104.43	73.37
2455	1	5516	0	13	0	11	103.83	68.47
3718	1	6414	0	27	0	12	103.54	72.13
5844	2	809	0	11	0	11	97.15	68.59
2428	1	2969	0	12	0	9	96.53	73.76
5572	1	6689	0	18	0	12	99.27	71.82
6873	2	3801	0	23	0	10	93.53	67.27
2602	2	81	NA	22	1	NA	102.89	72.54
8303	2	5410	1	11	0	10	99.05	72.83
1107	1	8108	NA	21	15	NA	125.5	84.3
6543	2	582	NA	16	1	NA	117.67	84.93
5128	2	7448	1	11	0	10	94.87	72.94
7920	2	3832	0	18	0	11	105.14	NA
5622	2	5009	NA	14	7	NA	125.38	84.34
7677	1	1696	0	15	0	10	98	75.54
889	2	4822	NA	2	1	NA	111.43	78.26
4413	1	4347	NA	11	3	NA	118.8	80.55
4201	2	2452	NA	7	1	NA	113.6	80.55
2156	1	695	1	29	0	11	100.55	NA
3862	2	14	0	1	0	9	99.8	72.6
4621	1	6765	0	24	0	10	93.65	66.8
567	2	4715	NA	20	1	NA	118.31	NA
8150	1	6697	0	1	0	10	93.74	68.09
2393	1	263	0	12	0	11	101.03	76.35
6560	1	3916	0	8	0	11	92.7	64.96
3531	2	3747	0	19	0	11	99.83	73.37
8509	1	8281	0	15	0	9	97.01	75.39
7699	1	1085	1	11	0	9	88.94	60.83
8542	1	6689	1	16	0	12	94.85	62.83
7208	2	5920	0	19	0	11	97.96	75.13
6879	1	8600	0	18	0	11	98.1	68.92
598	1	1074	0	18	0	13	102.18	NA
3754	1	3687	NA	11	8	NA	114.62	73.03
622	1	7681	0	24	0	12	102.3	76.2
651	2	5312	0	19	0	11	100.74	64.26
5761	2	6765	0	16	0	12	109.22	77.91
839	2	1085	1	22	0	9	90.07	62.74
7408	2	2697	1	24	0	10	90.1	63.7
4060	2	3687	NA	14	2	NA	120.45	74.4
3678	2	2537	0	17	0	11	103.42	NA
5281	2	4256	NA	22	1	NA	110.36	72.78
1671	2	8316	NA	7	1	NA	118.55	79.5
7118	2	1829	NA	13	5	NA	128.56	81.82
6647	1	2980	NA	22	7	NA	118.63	79.32
8843	1	503	NA	5	1	NA	109.71	73.31
6426	2	6516	1	12	0	9	97.34	71.51
473	2	8108	NA	25	5	NA	127.11	81.75
8128	2	8970	0	24	0	11	98.25	75.4
8028	1	7122	NA	20	1	NA	114.48	NA
5596	1	8200	1	6	0	12	97.23	75.31
5615	1	4265	NA	19	1	NA	106.44	79.46
6632	2	5895	1	8	0	9	93.02	65.1
2818	1	8060	1	29	0	11	100.68	NA
7363	1	7506	0	18	0	11	103.63	75.58
4185	1	4836	0	11	0	10	98.13	72.16
2125	1	1037	1	12	0	10	101.44	68.44
7698	1	2969	NA	26	1	NA	111	74.18
4247	1	27	0	16	0	11	104.87	77.46
3174	2	4000	NA	25	2	NA	121.3	86.22
590	1	7840	0	18	0	12	102.91	77.78
5961	1	2823	0	1	0	12	103.14	78.36
4576	2	5675	1	18	0	11	100.6	66.59
4704	1	561	NA	14	5	NA	121.27	85.69
7929	1	4903	NA	6	7	NA	120.44	79.88
1321	1	1529	NA	6	5	NA	120.83	82.67
4838	1	8913	NA	13	5	NA	118.16	73.59
291	2	4179	1	24	0	8	89.45	64.55
8159	1	5959	1	11	0	10	97.67	73.41
3521	2	64	1	7	0	12	100.46	73.31
6109	1	6257	NA	7	1	NA	112.3	80.6
8790	2	2700	0	6	0	11	92.45	69.1
2553	1	5331	0	27	0	12	105.2	75.55
2078	1	3065	0	6	0	12	101.68	71.74
3668	1	7541	NA	3	8	NA	128.83	86.18
8247	1	7840	0	11	0	11	109.06	80.57
8740	1	8810	NA	23	8	NA	119.65	79.8
6970	2	5564	0	19	0	11	96.53	73.03
5885	2	6717	0	22	0	11	95.36	69.68
6240	2	1962	0	6	0	7	91.38	NA
6440	1	3432	0	16	0	11	90.63	69.05
3694	1	3476	1	27	0	12	96.34	65.52
2506	1	7202	NA	14	5	NA	120.18	80.62
4766	2	7027	0	13	0	10	99.53	72.45
4244	1	6282	NA	2	3	NA	119.03	79.67
7152	2	2196	0	13	0	11	106.11	74.94
8774	2	6973	NA	27	3	NA	115.96	82.25
3290	2	8678	NA	26	3	NA	126.75	90.31
1085	1	8200	NA	5	6	NA	117.45	73.55
3942	2	4256	NA	26	1	NA	110.9	67.97
6479	2	7140	0	11	0	10	92.59	65.64
2992	2	7615	0	24	0	11	100.24	74.55
233	2	6132	0	11	0	11	98.28	68.36
975	1	1142	1	3	0	11	98.79	NA
604	1	8364	0	6	0	11	91.22	66.44
6693	2	2780	1	22	0	11	94.37	70.15
4834	1	1241	0	1	0	8	87.05	59.1
3460	2	7877	NA	8	1	NA	122.35	82.63
7992	1	7638	1	16	0	12	102.09	77.46
7002	2	1283	0	12	0	9	101.27	74.15
7623	2	3785	0	13	0	8	93.78	78.2
45	1	465	0	6	0	11	93.66	65.46
3477	1	1355	0	19	0	12	101.38	69.96
1789	2	5675	0	11	0	11	103.3	73
8093	1	3464	NA	20	1	NA	111.38	NA
1440	1	2537	0	29	0	12	106	NA
4567	2	6850	1	29	0	11	98.65	NA
3728	2	2548	0	9	0	11	94.26	75.14
8430	2	5440	1	18	0	11	99.57	71.18
995	1	7684	NA	23	5	NA	126.46	81.03
6040	2	5879	0	22	0	11	98.68	77.74
955	1	2194	0	9	0	6	96.76	71.92
549	2	2780	1	11	0	10	95.24	68.8
5673	1	668	NA	3	8	NA	125.3	87.08
3870	2	901	0	11	0	12	106.53	72.28
7934	2	5895	0	13	0	10	100.12	71.81
1118	2	8526	NA	9	4	NA	124.89	82.63
8778	1	3879	0	19	0	10	105.12	81.53
3769	1	8234	0	16	0	12	101.6	70.86
6618	2	1355	NA	9	1	NA	111.94	81.23
656	1	3971	0	19	0	11	103.74	79.81
5257	1	4426	0	8	0	12	97.43	71.82
849	1	7493	0	19	0	11	97.87	75.53
3664	1	3834	1	22	0	11	90.8	68.37
7179	2	8200	1	6	0	11	98.45	65.92
5393	2	8901	NA	26	1	NA	114.27	81.53
5431	1	6027	1	23	0	11	103.55	75.58
6788	1	5550	NA	14	5	NA	119.2	83
439	1	5642	0	17	0	12	97.77	NA
1251	2	4347	0	22	0	10	98.02	75.21
5657	2	64	1	22	0	9	90.5	63.11
4503	2	3637	NA	27	3	NA	121.98	84.65
8940	1	3689	0	19	0	11	98.54	75.63
2764	2	4506	NA	3	1	NA	117.16	82.4
6799	2	6503	1	9	0	11	93.3	65
6308	2	7664	0	15	0	9	105.84	79.41
6885	1	4101	1	19	0	11	96.03	64.68
8700	2	556	NA	25	1	NA	118.82	79.14
7041	2	3846	NA	20	4	NA	121.83	80.21
3916	1	331	NA	4	9	NA	122.18	84.25
7280	1	3281	0	1	0	8	85.36	68.73
6489	1	1515	0	26	0	12	111.32	81.32
7027	1	149	NA	7	6	NA	121.89	85
2611	1	6765	NA	14	5	NA	117.22	77.68
2319	2	7355	NA	5	2	NA	119.42	82.8
1194	2	2548	0	24	0	10	101	73.25
2881	1	9021	1	1	0	11	97.92	68.1
3540	2	8877	1	24	0	9	96	67.3
7360	2	745	0	24	0	9	102.5	74.45
782	1	7020	NA	26	1	NA	110.02	71.6
150	2	335	1	12	0	10	99.21	70.17
3655	1	5556	NA	26	7	NA	121.38	80.09
3223	1	546	0	19	0	11	98.88	72.22
8293	1	2665	NA	3	11	NA	123.15	82.85
3520	1	6452	0	29	0	11	98.06	NA
7639	2	6174	0	29	0	11	101.46	NA
8959	2	3994	NA	14	2	NA	119.1	76.65
3747	1	809	NA	7	11	NA	123.43	83.86
6706	1	7892	NA	6	6	NA	116.34	75.38
308	2	6792	NA	21	2	NA	121.74	NA
1536	1	7333	0	1	0	11	103.64	72.68
6448	1	2982	0	18	0	11	93.85	69.36
4595	2	225	0	1	0	9	92.93	62.33
7194	1	3754	0	13	0	10	93.79	68.27
5388	1	7519	0	12	0	11	96.35	72.94
1235	1	6778	NA	20	1	NA	115.01	NA
2473	1	2008	NA	7	6	NA	120.91	NA
306	2	3092	0	1	0	11	97.17	73.26
8098	2	7499	NA	2	6	NA	124.85	84.85
5643	1	4328	0	6	0	12	96.49	NA
6804	2	7779	NA	23	1	NA	115.64	80.69
8773	1	8341	NA	18	2	NA	121.64	76.98
818	1	5410	1	24	0	11	96.15	71
1822	1	5473	0	1	0	10	91.74	67.5
4183	1	6892	0	19	0	12	94.57	67.05
5394	2	3376	0	11	0	10	106.03	75
3658	2	7085	0	1	0	8	90.93	67.2
916	1	4871	NA	5	9	NA	121.65	82.5
5855	1	2604	0	1	0	11	104.19	75.04
7241	1	6786	0	1	0	8	86.16	57.36
1739	1	3668	0	18	0	12	111.18	78.29
6729	1	8293	1	11	0	10	94	75.24
1470	1	2330	0	1	0	11	98.79	74.88
1881	2	3659	NA	2	3	NA	122.83	81.47
1160	1	6299	1	27	0	11	96.11	70.58
413	1	916	0	11	0	11	102.89	76.38
32	2	7813	0	9	0	11	105.57	75.61
2797	1	8567	0	29	0	11	97.18	NA
6451	2	715	NA	3	1	NA	118.3	85.17
3363	1	7493	NA	15	1	NA	110.59	73.18
472	2	5542	0	27	0	12	100.18	73.51
4916	2	3832	1	23	0	11	103.67	74.39
7910	2	3038	0	13	0	11	103.59	83.98
8102	1	2330	NA	15	2	NA	117.38	79.91
191	1	7816	0	6	0	11	89.2	66.77
25	2	8477	0	13	0	11	100.99	76.06
1756	1	5691	0	24	0	11	103.32	73.99
1257	1	6300	NA	6	6	NA	121.4	81.25
5295	2	5287	0	23	0	9	93.48	73
4934	1	5751	NA	26	8	NA	126.9	80.45
2541	2	4101	NA	27	3	NA	117.61	86.17
2908	2	6653	0	24	0	11	105.7	80.85
7790	1	3785	1	26	0	9	94.94	73.09
3882	1	1971	0	24	0	11	99.15	75.27
8683	2	6621	0	29	0	11	103.82	NA
3538	1	149	0	24	0	12	104.5	76.25
783	2	5956	NA	26	5	NA	123.28	76.76
4932	1	4246	0	8	0	10	91.39	64.2
2234	2	5436	NA	26	8	NA	131.42	83.49
6006	1	4485	NA	26	8	NA	126.88	85.28
5670	1	3270	NA	11	3	NA	120.35	83.2
3860	1	64	1	18	0	10	93.59	69.8
5581	2	7642	0	24	0	11	104.09	75.89
788	2	8901	1	12	0	10	95.51	71.79
6022	2	1623	0	29	0	10	100.08	NA
7261	1	2240	NA	3	1	NA	118.66	NA
7447	1	6400	NA	20	1	NA	116.46	NA
581	2	2658	0	24	0	8	94.6	67.45
7202	1	8321	NA	18	7	NA	127.2	83.8
2196	1	8732	NA	14	7	NA	119.9	79.27
6142	1	8289	NA	23	1	NA	113.91	78.07
1063	2	1793	NA	22	1	NA	111.02	76.24
3343	2	8973	1	1	0	7	85.4	58.67
7584	1	6174	NA	6	4	NA	118.28	NA
3020	1	3785	1	8	0	12	91.24	68.76
6669	1	1983	0	24	0	10	98.5	72.9
5495	2	263	NA	4	8	NA	130.37	81.43
6782	1	75	0	24	0	11	98.75	68.25
795	1	7613	NA	29	10	NA	123.16	83.5
4226	1	6647	0	26	0	10	102.71	79.01
3265	2	1241	0	27	0	11	101.8	77.4
7775	1	5631	0	9	0	9	101.21	77.6
5663	2	1916	NA	2	3	NA	117.28	88.85
8410	1	945	0	11	0	11	99.07	71.73
1027	2	8685	NA	7	1	NA	120.8	78.25
8686	2	8958	NA	20	1	NA	104.73	NA
8168	2	8234	NA	2	6	NA	120.55	78.15
1684	2	4000	NA	3	1	NA	116.8	77.02
3823	2	4991	0	19	0	11	96.1	68.57
7557	1	2467	1	13	0	4	85.02	63.24
8823	2	8973	0	15	0	11	101.83	76.65
3327	1	1760	0	15	0	11	99.12	76.35
8355	2	8321	0	29	0	11	104.59	NA
220	2	1221	NA	16	2	NA	118.11	86.43
3332	1	1969	0	13	0	12	100.63	72.86
2769	1	5108	NA	26	8	NA	126.29	80.66
5247	1	6001	NA	22	1	NA	111.95	74.53
4024	2	5959	1	22	0	10	95.52	74.77
798	2	7424	0	6	0	11	103.45	74.44
7262	2	8316	1	12	0	9	98.29	69.09
6133	2	1164	0	22	0	11	104.28	75.37
6529	2	5920	NA	9	1	NA	120.41	81.43
6177	2	1207	0	25	0	11	98.33	69.79
5571	1	8164	0	24	0	12	103.3	75.3
1805	1	556	NA	3	8	NA	122.52	80.43
5097	1	1949	NA	26	1	NA	113.38	84.16
2357	2	2196	0	12	0	12	102.5	77.9
6627	1	6158	NA	22	1	NA	110.45	77.85
8496	1	9017	1	23	0	12	105.24	77.08
6957	2	2549	0	19	0	11	96.61	70.23
6187	2	8605	0	13	0	12	103.56	74.07
3680	2	8836	NA	20	3	NA	122.5	79.04
6590	1	8116	0	11	0	11	92.5	61.8
6687	2	240	NA	20	1	NA	123.87	NA
7221	1	7434	NA	3	7	NA	126.04	78.39
4330	2	3782	0	1	0	11	100.37	74.06
5916	2	8865	1	17	0	11	103.85	NA
7577	1	5879	NA	2	1	NA	110.83	80.47
99	1	9023	NA	16	2	NA	115.89	77.98
5791	2	8533	0	19	0	9	96.91	70.51
8034	2	2217	0	11	0	10	99.58	73.22
8249	1	8364	NA	2	13	NA	124.01	79.48
3828	2	2467	1	24	0	9	99.6	73.3
1317	1	7034	0	22	0	11	96.74	74.72
1546	2	4538	NA	15	2	NA	119.41	89
3479	1	2134	0	22	0	11	99.21	72.9
8089	2	4704	0	12	0	11	106.08	78.74
3465	2	8249	NA	7	1	NA	112.25	81.45
7538	1	5920	1	27	0	12	97.57	68.24
8072	2	795	0	6	0	11	99.09	73.44
4835	1	8533	0	8	0	12	90.74	63.78
421	2	183	0	24	0	11	101.99	NA
8672	1	535	0	11	0	11	95.72	74.8
6803	1	6001	NA	7	1	NA	113.25	88.5
1103	1	4256	0	11	0	11	107.39	77.19
1178	1	5108	NA	26	1	NA	110.28	75.58
7895	2	7202	1	24	0	10	100.4	74.5
7319	1	6271	0	29	0	12	104.07	NA
1455	2	1299	0	1	0	11	96.47	70.52
5583	1	7663	NA	26	1	NA	118.36	83.36
1714	1	5262	NA	21	2	NA	121.79	NA
5371	1	149	NA	26	8	NA	123.38	83.6
1141	2	2780	1	18	0	11	98.82	67.37
3499	1	2070	NA	2	6	NA	110.1	78.1
5402	1	4872	0	22	0	5	61.03	50.82
5867	2	901	NA	16	2	NA	116.78	84.1
7554	1	5900	0	24	0	12	102.25	76.7
6459	2	6174	NA	20	1	NA	119.58	NA
4697	1	809	0	24	0	12	98.64	68.16
3917	2	4179	1	24	0	8	94.5	67.4
3637	1	4485	NA	8	6	NA	120.65	75.91
5683	1	6778	0	18	0	8	97.41	70.23
7431	1	8567	1	18	0	8	NA	68.24
7012	2	5928	1	24	0	10	102.25	75.25
4221	2	5689	NA	7	1	NA	107.2	76.9
6938	1	1692	1	29	0	11	94.26	NA
6657	1	3111	0	13	0	11	103.01	75.08
2965	1	1037	0	24	0	11	100.65	72.8
7383	1	8504	1	12	0	8	85.41	NA
6912	2	8734	0	22	0	7	90.68	70.07
64	1	1916	NA	3	10	NA	116.38	NA
177	1	5146	0	1	0	10	92.52	66.95
4063	2	8973	1	1	0	8	92.33	65.64
5603	2	1783	NA	2	3	NA	122.97	83.36
545	2	8932	0	8	0	11	97.36	73.46
6226	1	8669	NA	3	4	NA	128.11	86.98
8965	2	6300	NA	3	8	NA	125.46	80.68
9004	2	4739	NA	13	3	NA	126.68	89.45
8668	1	64	1	23	0	11	98.18	71.62
1222	2	1472	1	12	0	9	96.9	70.43
1252	2	7339	0	29	0	11	103.79	NA
588	2	4306	1	16	0	12	96.37	66.76
3067	2	4347	0	16	0	12	97.51	75.5
8408	1	9013	0	27	0	10	89.99	63.02
7894	2	5287	NA	5	1	NA	106.53	75.33
2786	1	2975	0	15	0	12	89.87	68.47
6113	2	2476	NA	6	5	NA	125.1	82.69
830	2	2188	0	15	0	11	100.61	64.15
245	1	5169	NA	4	4	NA	118.1	79.83
5324	1	4085	0	22	0	12	98.04	73.84
8052	1	6132	NA	7	1	NA	116.75	81.4
8807	2	3539	0	11	0	11	94.99	67.15
769	2	7636	0	7	0	11	97.96	NA
8271	2	3364	NA	2	1	NA	118.16	80.05
6443	1	8293	NA	2	9	NA	121.49	80.12
1930	1	3650	NA	19	1	NA	111.45	77.14
5462	2	450	0	19	0	7	80.92	59.64
5531	2	3983	NA	3	1	NA	116.48	84.37
1947	2	2077	NA	27	3	NA	126.44	81.2
4463	1	4506	NA	20	1	NA	117.79	NA
8581	2	7003	0	19	0	12	103.61	79.27
6298	1	5057	0	12	0	12	100.95	80.12
5191	2	8108	NA	3	1	NA	116.75	75.06
4711	1	8103	1	24	0	10	92.05	72.99
2052	1	476	NA	23	8	NA	124.1	80.8
8378	1	765	0	11	0	11	103.28	74.92
3196	1	552	NA	5	2	NA	117.55	81.83
7559	2	3874	0	11	0	10	97.13	72.11
881	2	8376	0	22	0	11	103.2	73.99
2700	1	6858	NA	3	8	NA	120.46	83.73
6421	1	4256	0	16	0	11	102.68	71.49
2279	1	3356	NA	4	8	NA	125.36	81.06
6824	2	7008	0	19	0	11	97.44	73.41
7305	1	4252	NA	8	6	NA	115.01	74.91
6794	2	6788	NA	4	2	NA	118.13	84.89
2275	2	5296	NA	14	2	NA	115.55	77.65
762	1	8289	NA	23	5	NA	125.43	80.06
7859	2	7636	0	11	0	11	99.67	69.66
5314	1	692	NA	5	12	NA	127.79	83.18
4982	1	4499	0	1	0	10	102.73	78.82
1241	1	6555	NA	26	8	NA	116.32	68.82
3673	2	8079	1	13	0	12	97.57	75.24
8032	1	6257	0	24	0	11	95.75	74.8
8180	1	2966	0	11	0	11	100.02	70.08
4426	1	7842	NA	14	7	NA	118.45	79.46
1788	2	1725	0	12	0	10	89.09	69.5
4814	1	2975	0	19	0	11	90.65	72.26
4252	1	6647	NA	4	9	NA	123.62	84.04
8135	2	5981	0	13	0	10	105.08	71.68
6908	1	2682	NA	29	3	NA	124.5	80.01
5575	2	7779	1	22	0	12	94.51	71.71
374	2	2935	NA	26	8	NA	125.03	79.13
1984	1	2697	NA	11	3	NA	119.35	79.6
2384	2	3270	NA	16	2	NA	115.43	81.05
4	1	1794	NA	27	3	NA	120.2	85.82
7375	1	6443	0	12	0	9	95.44	76.76
8484	1	7779	0	16	0	12	102.54	79.79
465	1	2476	NA	3	7	NA	120.17	81.71
4856	2	7448	1	22	0	10	96.54	74.24
5879	1	8321	NA	25	9	NA	122.53	83.21
5429	1	6764	NA	7	1	NA	109.1	75.75
5019	2	1164	NA	26	8	NA	124.83	83.05
3968	1	7434	1	6	0	11	102.62	73.83
6572	1	2899	NA	4	2	NA	115.36	NA
845	1	6846	0	12	0	11	100.13	71.39
5318	1	6858	NA	23	5	NA	126.36	78.03
6713	1	4426	0	13	0	9	89.46	62.36
4583	1	2934	0	13	0	12	105.6	77.39
4019	1	7840	0	6	0	12	103.97	80.88
8187	2	1532	0	24	0	11	102.06	73.78
2272	1	5499	NA	13	4	NA	120.01	84.26
8721	2	5516	0	24	0	11	96.6	71.5
4749	1	1398	0	8	0	12	97.74	70.37
2958	2	3857	1	12	0	9	92.99	71.34
8703	1	1024	NA	14	5	NA	123.09	84.82
5875	1	5580	NA	26	1	NA	110.4	78.46
8608	2	4538	NA	27	3	NA	120.54	79.23
5780	2	7888	0	19	0	11	89.11	69.42
4836	1	7613	NA	20	11	NA	125.5	79.47
109	2	8669	0	6	0	12	105.9	79.07
3289	1	6937	NA	8	4	NA	124.86	77.12
1757	2	4626	NA	2	1	NA	108.56	78.58
971	1	442	0	12	0	10	104.48	77.72
5499	1	3356	NA	26	8	NA	119.39	80.47
8526	1	2966	NA	16	12	NA	121.27	82.21
6652	2	4485	1	12	0	9	95.67	66.62
3237	1	6237	0	13	0	11	101.5	73.48
5054	1	8407	0	27	0	11	98.24	71.56
6485	1	2839	0	11	0	12	99.05	75.81
4428	2	3994	0	22	0	12	104.55	76.39
3990	2	7221	NA	2	1	NA	111.1	78.08
3839	1	3483	NA	8	6	NA	123.13	85.24
1463	1	968	0	1	0	11	94.02	68.93
1326	2	1568	0	11	0	12	100.13	70.04
6593	2	6184	0	1	0	9	101.39	77.81
6827	2	7158	NA	15	2	NA	117.97	87.83
2897	1	6858	0	6	0	12	108.83	NA
4699	1	7202	NA	22	1	NA	117.55	79.15
6937	1	7956	NA	16	12	NA	124.16	80.14
5709	1	43	1	23	0	11	99.34	74.73
8035	2	821	NA	3	8	NA	129.06	84
7154	2	8603	0	1	0	9	94.18	77.79
7379	2	7221	NA	5	2	NA	116.96	77.66
8020	2	1288	0	22	0	12	104.54	75.74
3972	1	6849	0	2	0	11	100.57	68.12
3879	1	745	NA	4	9	NA	129.37	81.88
6825	2	8541	0	23	0	12	101.36	75.96
5631	1	4783	NA	7	9	NA	124.2	87.17
2660	1	8274	NA	22	1	NA	113.17	79.26
157	2	487	NA	20	1	NA	116.68	NA
4347	1	2780	NA	5	6	NA	115.05	71.45
3756	2	6027	0	29	0	11	106	NA
669	2	1274	NA	2	3	NA	122.59	88.35
6994	1	8703	NA	4	9	NA	122.72	80.72
2037	2	1949	0	24	0	11	102.81	78.96
3736	1	516	1	15	0	9	96.81	69.89
7443	2	4	1	1	0	9	92.89	67.85
4207	2	5956	0	12	0	9	96.13	72.88
3240	1	4538	NA	19	1	NA	106.05	75.86
4782	2	7287	1	9	0	11	101.84	72.34
8173	2	3364	0	16	0	12	111.47	76.1
2966	1	3914	NA	5	12	NA	122.25	80.42
7101	2	8004	0	15	0	11	105.49	75.42
8188	2	2196	0	24	0	10	93.2	68.65
6045	2	901	NA	22	1	NA	115.2	80.87
3426	2	1143	0	9	0	12	107.5	79.59
4470	2	6132	0	24	0	10	100.8	76.5
5434	1	2186	1	27	0	12	91.34	62.15
6115	2	8021	0	13	0	12	104.78	77.1
6840	1	7892	NA	25	2	NA	117.1	88.34
3837	1	5220	NA	4	2	NA	123.1	84.46
1204	2	6215	1	16	0	9	100.67	73.53
2675	2	5585	NA	20	1	NA	117.41	NA
6786	1	8407	NA	9	4	NA	118.32	77.39
1456	1	149	NA	26	8	NA	124.21	80.46
8690	2	8145	NA	8	6	NA	130.2	87.56
6663	1	3227	0	8	0	11	88.75	58.31
4383	1	4256	0	12	0	11	96.98	68.5
3992	2	7536	0	19	0	11	95.43	71.5
4538	1	2279	NA	26	8	NA	120.01	80.9
9006	2	8102	0	1	0	10	92.54	66.8
6185	2	995	NA	22	1	NA	112.7	80.98
7098	2	125	0	12	0	9	91.33	64.03
5550	1	2982	NA	23	8	NA	122.1	84.1
8111	1	5879	NA	23	5	NA	122.39	77.14
4688	2	2317	1	9	0	11	103.13	77.39
1013	1	6937	NA	7	1	NA	109.2	75.7
1601	2	442	0	11	0	11	103.33	74.02
5921	1	7613	NA	20	1	NA	110.73	NA
6008	2	6946	0	18	0	9	103.22	75.59
6919	2	7499	NA	3	4	NA	124.1	80.84
7822	2	4735	0	12	0	10	95.08	66.17
5001	1	255	NA	26	1	NA	105.55	73.32
3381	2	2255	NA	9	4	NA	126.99	78.33
6217	2	7519	NA	7	1	NA	112.75	77.85
2420	2	6325	NA	15	2	NA	112.92	79.79
6475	1	4034	0	9	0	8	93.07	66.84
5177	1	1037	1	9	0	12	97.99	70.32
3708	2	3785	1	9	0	10	97.65	69.5
503	1	2843	NA	3	11	NA	127.5	81.6
2963	1	6300	NA	25	5	NA	125.66	74.14
4961	1	5084	0	12	0	12	98.82	73.33
5250	2	2982	NA	5	6	NA	121.54	77.87
3293	2	5108	NA	7	1	NA	110.7	82.3
4332	2	7596	NA	2	6	NA	130.4	85.25
3633	1	4482	1	16	0	12	94.33	67.3
2515	1	7842	NA	5	11	NA	125.06	80.42
1304	2	7075	0	29	0	10	93.34	NA
1490	2	6503	0	8	0	11	107.08	75.17
6548	1	3958	NA	14	2	NA	110.5	78.7
1999	2	8037	0	12	0	9	95.76	71.99
8337	2	7221	0	16	0	11	106.9	73.19
1962	1	2682	NA	3	1	NA	108.38	NA
5453	2	2665	0	29	0	10	102.7	NA
8065	1	2899	1	24	0	11	96.5	69.8
2938	2	4101	1	19	0	11	96.24	68.2
348	2	7268	NA	27	1	NA	111.04	77.29
6625	1	4807	0	15	0	12	98.3	68.25
7902	2	6340	0	15	0	12	97.03	70.46
2590	1	8732	0	12	0	13	101.28	70.86
4286	1	3592	NA	27	3	NA	117.19	80.04
7205	1	692	1	16	0	12	99.66	75.12
7065	1	3655	0	19	0	10	100.31	71.79
6098	2	2165	NA	2	6	NA	116.6	77
915	2	1743	0	19	0	11	99.54	73.12
5359	1	3476	NA	8	6	NA	122.15	83.8
1778	1	5561	0	29	0	11	102.2	NA
3076	2	4246	0	9	0	12	103.61	78.6
2359	2	4473	0	18	0	12	103.78	77.8
7251	1	1833	NA	27	2	NA	114.8	80.71
7140	1	6161	NA	5	6	NA	116.2	80.21
4285	2	7751	NA	14	2	NA	126.15	NA
7120	1	692	1	16	0	13	106.46	75.69
4956	2	8108	NA	20	7	NA	127.322	80.83
8407	1	8732	NA	26	8	NA	125.1	79.81
8431	1	1257	NA	22	1	NA	104.68	79.08
4262	1	8108	1	23	0	11	98.89	70.89
4915	1	5565	0	15	0	11	97.82	71.38
6383	1	3054	0	8	0	11	89.83	68.29
708	1	8725	0	12	0	10	92.97	67.37
7198	2	6215	1	16	0	10	92.88	75.37
1351	2	1515	1	12	0	10	97.55	72.01
7345	2	1809	NA	27	3	NA	123.2	82.13
7000	2	5314	0	18	0	8	85.19	62.21
13	2	6161	NA	23	1	NA	119.1	83.55
6058	1	1206	NA	5	9	NA	123.3	81.4
187	2	3687	0	12	0	11	99.6	67.46
8561	2	6477	NA	26	6	NA	130.68	87.59
514	1	2526	0	1	0	10	93.35	69.7
2144	2	2697	NA	14	2	NA	119.7	NA
134	2	6257	NA	16	2	NA	114.83	83.1
3163	1	2476	0	22	0	11	99.2	68.54
3421	2	1846	0	26	0	10	94.23	70.12
8563	2	3832	NA	5	6	NA	126.4	87.56
6158	1	8971	NA	25	9	NA	118.86	79.82
3909	2	2250	1	23	0	11	NA	65.51
5800	1	1696	0	13	0	10	94.27	66.23
4141	2	6505	0	27	0	12	105.59	78.61
991	2	8030	0	19	0	11	96.95	75.14
3618	2	5298	0	24	0	10	101.45	73.6
6544	2	3687	NA	4	2	NA	119.91	77.38
7956	1	240	NA	3	8	NA	121.89	85.57
5142	1	75	0	22	0	2	83.34	NA
993	1	4807	0	19	0	12	98.86	73.01
7034	1	6174	NA	3	8	NA	119.6	80.8
8960	2	2899	0	8	0	11	99.5	70.87
3847	1	3747	0	27	0	11	105.14	75.66
5959	1	6027	NA	6	7	NA	122.78	86.82
7463	2	1334	0	29	0	11	104.93	NA
2274	1	8567	NA	2	3	NA	116.4	80.01
5899	1	6222	0	19	0	10	100.72	79.83
7042	2	8567	1	18	0	9	95.99	66.86
6276	1	6132	NA	4	6	NA	117.4	75.29
44	1	4328	0	23	0	11	98.74	76.44
8753	2	599	0	29	0	11	96.9	NA
5763	2	3843	0	27	0	11	104.63	73.07
8849	2	2697	1	22	0	11	91.5	65.09
5013	1	8980	0	15	0	8	103.05	74
4603	1	1073	0	12	0	10	98.64	74.49
8906	2	3506	NA	2	3	NA	120.71	71.77
5853	2	5287	0	11	0	10	99.02	71.79
6163	2	3065	NA	20	1	NA	117.65	NA
1112	1	4514	1	12	0	10	95.62	67.19
2934	1	8004	NA	26	3	NA	118.86	81.21
7530	1	2069	0	12	0	11	95.03	69.83
263	1	5959	NA	16	8	NA	127.41	84.28
251	1	2899	0	12	0	12	102.22	75.69
162	1	64	NA	2	3	NA	118.3	75.47
8873	2	1260	NA	3	4	NA	122.35	82.32
4482	1	9017	NA	5	5	NA	119.07	83.77
929	1	162	0	11	0	11	98.86	69.64
3264	2	8364	0	22	0	12	104.36	77.64
7318	2	1260	0	22	0	11	95.63	77.95
4793	2	1505	NA	9	4	NA	121.72	81.78
939	2	2935	NA	24	3	NA	126.14	81.16
1587	2	3356	1	24	0	9	96.55	70.15
8603	1	7861	NA	9	4	NA	124.4	83.95
8027	1	8274	0	16	0	11	101.68	77.26
3588	2	6441	NA	15	2	NA	121.35	81.5
1783	1	1375	NA	20	11	NA	117.89	77.51
6476	1	5881	NA	14	2	NA	115.55	79.85
487	1	1900	NA	21	2	NA	115.13	NA
7704	2	3914	NA	25	1	NA	127.41	84.1
8806	1	3785	1	8	0	11	92.86	69.94
5769	2	5357	NA	13	5	NA	128.95	78.56
513	1	81	0	24	0	11	105.3	76.1
5234	2	1622	1	29	0	11	108.02	NA
2349	1	5959	0	23	0	12	100.89	78.33
1747	2	5900	0	14	0	8	89.82	71.22
5156	1	104	NA	26	1	NA	112.08	78.51
5482	1	4252	1	1	0	9	96.16	68.64
4499	1	4251	NA	27	3	NA	125.67	88.46
3889	2	503	NA	16	2	NA	124.5	81.27
3505	2	7312	0	15	0	11	99.69	75.02
2313	1	8316	0	11	0	11	100.31	67.71
4599	1	695	1	6	0	11	100.43	75.69
3095	2	3785	0	15	0	12	98.96	74.28
8369	2	1622	NA	20	7	NA	125.1	82.24
8736	2	8813	0	16	0	11	100.55	71.47
8635	2	8293	1	11	0	9	97.04	76.39
425	1	552	0	3	0	12	117.15	88.65
2495	2	3137	NA	22	4	NA	121.1	85.45
562	2	8678	0	24	0	10	103	80.55
7428	2	3558	1	27	0	11	98.1	66.61
2102	1	7261	0	6	0	11	97.73	70.67
4096	2	6158	NA	16	2	NA	126.11	83.96
5898	2	6930	0	1	0	10	97.74	76.18
2493	2	7842	0	24	0	9	94.65	72
2013	2	8865	NA	20	1	NA	123.49	NA
2330	1	6520	NA	13	5	NA	123.46	83.88
3132	1	5359	NA	27	3	NA	114.73	83.42
6233	1	7813	0	26	0	11	88.45	61.11
8852	1	3879	1	9	0	11	92.68	67.8
4044	2	8111	1	11	0	9	94.43	70.42
6094	2	5960	NA	27	2	NA	115.82	82.05
1307	2	7434	1	6	0	11	103.89	NA
3802	2	8533	0	9	0	12	98.8	76.6
2088	1	8249	1	24	0	11	96.25	73.05
4341	2	3457	NA	20	1	NA	104.77	NA
2044	1	8108	1	3	0	7	100.05	NA
7322	2	7888	0	27	0	9	91.81	74.16
4728	2	7840	1	16	0	11	102.04	76.49
1100	2	6516	NA	26	1	NA	116.48	80.11
351	1	8341	NA	22	9	NA	122.16	77.48
6151	1	5314	0	16	0	12	101.36	72.98
7418	1	2034	1	19	0	11	89.4	68.6
4406	1	3840	0	7	0	13	96.49	71.72
5110	1	8489	NA	13	5	NA	120.68	83.12
4873	2	4538	NA	13	5	NA	124.82	80.9
8309	2	7221	0	22	0	12	102.38	72.97
2476	1	5642	NA	25	9	NA	121.41	81.41
5706	1	4838	0	27	0	12	94.72	64.69
1950	2	8970	0	12	0	10	104.09	77.6
6935	2	8293	NA	14	2	NA	121.2	85.2
2332	1	6792	0	29	0	11	101.65	NA
7504	2	7268	0	13	0	11	104.86	71.56
8676	1	4482	0	23	0	11	91.74	70.34
3491	1	8567	0	6	0	12	105.08	NA
4504	2	1689	0	13	0	11	100.38	72.93
6159	1	6645	NA	16	11	NA	121.54	84.74
3967	2	7642	1	13	0	10	100.58	72.44
6838	2	8108	1	6	0	11	98.99	74.79
3717	1	1983	NA	14	2	NA	112.95	84.7
8548	2	5631	0	27	0	11	104.51	74.45
6821	1	7779	1	22	0	11	90.02	64.51
609	2	1949	NA	4	1	NA	114.99	83.92
6444	2	4715	0	29	0	11	105.75	NA
5169	1	6257	NA	22	10	NA	117.82	77.41
969	1	3356	1	12	0	10	94.58	63.59
7412	2	2749	0	12	0	9	91.35	66.79
5803	2	2704	NA	9	4	NA	119.55	81.16
5551	1	8037	NA	26	1	NA	105.31	69.45
1779	2	5440	1	18	0	10	93.13	69.3
7878	1	1073	0	27	0	12	103.71	75.77
5758	2	7663	NA	7	1	NA	113.9	75.8
6019	1	1164	NA	7	1	NA	115.3	81.5
7688	1	7068	0	6	0	11	NA	75.74
3374	1	1783	0	29	0	10	94.83	NA
3614	2	7568	0	1	0	10	96.29	77.52
7227	1	6647	NA	7	1	NA	115	86.3
3578	1	4085	0	2	0	10	101.18	71.19
1136	1	6831	0	6	0	12	103.28	77.13
5374	1	6161	1	6	0	11	95.69	66.32
5026	1	406	0	19	0	11	101.19	72.47
6899	2	6007	1	1	0	4	78.25	56.25
960	1	7564	1	6	0	11	106.13	79.68
8013	1	7564	1	6	0	11	97.59	72.75
7921	1	1544	0	15	0	10	94.89	66.79
8901	1	3376	NA	2	11	NA	122.02	84.65
7708	2	8361	0	13	0	11	101.2	77.67
7250	1	7519	NA	8	1	NA	105.69	76.76
8116	1	7663	NA	16	14	NA	124.31	83.68
5194	1	5981	0	9	0	12	99.4	74.45
6370	1	7596	NA	22	1	NA	110.07	81.68
815	1	745	NA	22	1	NA	104.62	71.76
8913	1	8740	NA	16	10	NA	121.84	77.67
8811	2	4463	0	29	0	11	92.84	NA
4735	1	3754	NA	4	2	NA	118.38	68.92
6401	2	7421	NA	20	1	NA	113.63	NA
4013	2	3776	NA	26	1	NA	118.14	80.42
7837	1	5831	0	11	0	10	108.24	77.05
5743	2	8268	0	1	0	9	99.25	75.89
3500	2	7618	NA	25	2	NA	127.94	86.59
880	2	7908	NA	16	2	NA	118.3	83.13
5781	1	6007	0	19	0	11	95.66	69.41
3141	1	2452	0	16	0	9	84.9	61.16
225	1	5331	NA	15	2	NA	116.51	74.54
1487	2	5631	0	8	0	11	98.76	73.89
409	2	2899	NA	4	2	NA	116.57	85.77
6808	2	5436	1	13	0	12	99.52	71.19
8963	2	7448	1	16	0	10	96.02	74.88
5536	2	5561	NA	20	1	NA	108.21	NA
5616	2	3733	NA	8	1	NA	115.77	81.9
8019	1	1529	0	29	0	12	103.8	NA
6299	1	8901	NA	7	11	NA	120.06	78.21
8316	1	4153	NA	2	9	NA	124.62	NA
6454	1	4000	1	6	0	12	101.91	73.29
8183	1	7908	NA	6	7	NA	122.57	78.08
4935	1	668	NA	16	10	NA	126.33	84.34
8409	2	6503	0	13	0	11	104.71	77.22
7526	1	8249	0	11	0	12	97.89	73.3
6904	1	8091	0	1	0	12	98.2	70.74
1342	1	5881	NA	7	9	NA	131.9	81.02
6584	1	5638	0	17	0	11	101.14	NA
9	2	8732	0	11	0	10	96.15	68.25
7497	2	2985	0	8	0	11	101.55	67.49
4579	2	3464	NA	25	2	NA	125.42	84.65
7719	2	7779	1	18	0	11	97.27	74.94
2474	1	1107	0	29	0	5	96.81	NA
3871	1	3994	NA	16	5	NA	122	77.7
91	2	6792	NA	20	1	NA	124.83	NA
3624	2	4514	0	11	0	12	103.19	75.96
6034	2	3785	0	1	0	9	96.77	72.75
1253	1	8341	0	16	0	12	104.49	73.52
1666	1	7222	0	18	0	12	99.54	65.53
693	1	7305	0	27	0	12	96.65	71.2
3093	2	8293	1	23	0	11	101	68.05
5392	1	5340	1	1	0	8	97.21	69.09
8859	2	8877	1	24	0	9	94.84	69.4
2980	1	2476	NA	2	6	NA	127.35	82.45
6685	1	3603	0	29	0	11	104.4	NA
3307	2	6768	0	24	0	11	102.95	81.1
2665	1	2741	NA	21	8	NA	124.3	78.02
3557	2	2780	NA	5	4	NA	118.04	84.08
5834	2	7439	0	13	0	11	102.9	75.13
5465	1	3149	0	1	0	11	97.5	64.37
3490	1	962	NA	15	2	NA	113.65	82.12
8386	2	6058	NA	24	5	NA	125.75	84.53
8752	1	6689	0	22	0	12	100.65	73.38
3690	2	2985	0	1	0	10	104.06	74.81
7753	1	5287	0	18	0	12	96.45	72.65
5138	2	903	0	15	0	12	94.29	67.1
2863	1	1622	1	6	0	12	94.4	NA
7348	2	2637	0	1	0	9	92.25	73.25
6079	1	6026	NA	2	1	NA	108.97	75.18
8615	2	1993	NA	22	1	NA	109.5	78.38
4653	2	7434	0	29	0	11	102.16	NA
983	1	765	0	16	0	11	98.99	74.6
8160	2	7068	0	16	0	12	105.12	71.91
1620	2	2253	0	16	0	11	102.98	82.31
6585	1	5296	0	12	0	11	102.67	69.14
1507	1	3785	0	12	0	10	97.57	74.73
8894	1	795	0	23	0	12	101.01	71.96
3007	2	3832	NA	16	5	NA	129.7	84.65
7143	2	8526	0	12	0	10	106.21	78.43
8764	1	5818	1	7	0	11	100.99	NA
2107	2	5314	NA	2	3	NA	120.28	80.72
1772	2	4037	0	1	0	9	95.46	72
2715	2	1042	NA	20	1	NA	121.06	NA
4605	2	331	NA	26	1	NA	116.24	81.54
7180	1	8364	1	11	0	11	93.66	67.13
3733	1	5556	NA	7	8	NA	120.8	81.25
7911	1	2467	1	12	0	10	91.63	70.33
4380	2	2780	NA	2	1	NA	106.27	76.11
3386	1	1372	0	6	0	11	98.18	70.53
8698	2	5378	0	24	0	12	101.2	78.2
6222	1	450	NA	8	6	NA	102.71	82.08
6834	1	6849	0	16	0	12	103.24	76.4
3832	1	4715	NA	20	10	NA	126.5	86.49
3805	2	1472	NA	4	8	NA	131.51	82.82
2946	1	3603	NA	3	1	NA	119.37	NA
5200	2	8249	0	22	0	12	102.73	76.27
6007	1	8678	NA	8	6	NA	117.59	87.04
342	2	8037	1	13	0	11	96.01	71.89
5401	2	6768	NA	26	1	NA	115.51	76.27
2820	2	6007	0	27	0	11	100.21	73.48
8799	1	6670	0	24	0	10	91.75	63.8
7633	1	4781	NA	7	1	NA	116.8	87
867	2	556	NA	5	4	NA	117.63	79.19
5789	2	2052	1	11	0	9	93.21	72.61
3687	1	503	NA	23	11	NA	126.82	73.31
5224	2	9040	NA	23	1	NA	106.88	75.04
102	2	5227	NA	20	1	NA	116.49	NA
5343	1	7840	1	22	0	9	100.38	76.64
8742	1	844	NA	3	1	NA	118.08	80.78
387	1	117	0	22	0	11	92.68	58.91
1531	1	8164	NA	14	2	NA	113.4	78.4
3851	1	8600	1	11	0	10	95.71	65.13
3487	1	1472	0	11	0	12	103.26	75.7
2152	1	3364	0	23	0	12	104.06	74.53
8207	2	7301	0	19	0	2	81.58	63.01
3810	1	6768	NA	26	1	NA	110.14	75.47
1423	2	1900	0	3	0	9	107.55	NA
3338	2	2113	NA	4	7	NA	123.69	79.33
4338	2	1647	0	8	0	11	89.12	66.17
2732	1	447	0	29	0	11	97.11	NA
275	2	5831	NA	14	1	NA	117.8	86.06
8920	2	64	1	22	0	9	90.35	65.38
6106	1	2306	NA	22	11	NA	124.51	79.8
2750	1	3879	1	13	0	11	99.78	70.92
3508	2	8848	1	6	0	11	100.94	71.63
3078	2	1993	0	11	0	11	103.97	75.62
3012	1	1164	1	24	0	10	99.25	70
3368	2	2188	NA	19	1	NA	108.47	74.96
2812	1	5227	NA	29	13	NA	124	86.93
4179	1	6102	NA	2	6	NA	120	79.1
1871	2	8560	0	12	0	11	99.07	77.69
363	2	8376	NA	7	1	NA	117.15	85.15
8821	1	7681	0	13	0	10	100.48	76.01
3511	2	2980	NA	7	1	NA	115.6	78.8
1753	2	240	0	23	0	13	109.98	76.33
1281	1	7287	1	27	0	11	96.66	69.84
8598	1	5642	NA	3	1	NA	110.84	NA
3048	1	6858	NA	25	2	NA	125.88	NA
550	1	3164	0	19	0	11	85.38	61.44
3364	1	3316	NA	6	7	NA	122.97	77.98
8429	2	6299	0	24	0	9	85.7	60.4
320	1	7537	NA	14	2	NA	115.8	74.65
2584	2	6477	NA	13	5	NA	125.89	86.4
67	2	8567	0	22	0	10	93.41	67.56
1154	2	1085	1	22	0	8	98.86	62.41
4960	1	6106	0	12	0	11	105.43	74.15
7610	2	5340	1	15	0	10	93.45	68.45
7476	2	3733	0	12	0	11	106.86	80.75
201	2	351	0	12	0	11	101.03	74.88
2471	2	4252	1	19	0	10	94.67	72.6
5225	1	5110	0	1	0	10	99.13	78.23
2640	1	4781	1	12	0	11	99.53	69.44
8932	1	5751	NA	7	7	NA	121.08	80.5
4360	2	2966	0	23	0	11	92.12	66.81
5639	2	6764	0	11	0	11	102.17	72.01
6103	1	8841	1	18	0	11	94.3	66.81
2376	2	6850	NA	25	2	NA	123.6	83.86
3534	1	3840	1	12	0	10	90.86	65.54
4573	1	2317	1	27	0	11	95.71	65.16
9021	1	4256	NA	26	8	NA	125.11	79.71
5154	1	4927	1	12	0	11	100.57	70.29
6754	1	774	0	9	0	12	99.56	70.35
4480	1	4000	1	29	0	10	96.82	NA
335	1	2515	NA	11	11	NA	124.4	79.98
4824	1	745	1	7	0	11	97.71	NA
6727	2	5503	1	13	0	9	94.37	64.97
1547	2	2355	0	12	0	10	95.66	68.89
2460	1	2682	NA	23	1	NA	105.35	67.14
6036	2	3499	NA	14	2	NA	116.5	77.2
153	1	5436	0	12	0	11	105.39	78.21
6931	2	7034	0	11	0	11	98.08	NA
1028	2	4426	NA	4	2	NA	117.08	80.8
1286	1	4836	NA	2	1	NA	111.67	76.43
672	2	7929	0	23	0	11	104.07	78.77
6068	1	7877	0	12	0	11	97.89	74.88
1904	2	2656	0	11	0	9	89.86	64.42
6335	1	8848	NA	20	1	NA	113.45	NA
2173	1	8678	NA	14	2	NA	114.65	80.55
3647	1	6306	0	19	0	11	98.11	70.15
3996	1	5895	1	24	0	10	98.3	67.45
6251	1	503	NA	22	1	NA	111.17	73.52
3561	2	8729	0	16	0	7	95.42	68.18
5298	1	6232	NA	14	2	NA	121.45	81.45
6355	2	5499	1	15	0	10	90.38	68.1
591	2	8788	0	6	0	11	100.86	69.37
5982	2	2286	0	15	0	10	97.83	62.91
4439	2	8932	0	13	0	11	106.42	76.35
8179	1	7020	0	12	0	12	101.74	72.26
6620	2	3559	NA	21	2	NA	127.24	NA
7906	1	2034	0	13	0	11	104.26	74.51
8575	1	4179	NA	14	5	NA	119.3	81.7
8350	1	2288	0	24	0	8	89.2	70.6
3671	1	6487	0	11	0	10	100.05	79.7
7727	1	6692	0	1	0	9	96.04	67
2819	1	52	1	12	0	10	102.07	73.45
5810	2	5193	0	29	0	11	107.96	NA
6971	2	3733	NA	26	1	NA	115.79	77.33
3825	2	6843	0	12	0	11	99.28	73.65
2477	2	1164	NA	14	2	NA	125	83.9
511	1	5193	NA	25	2	NA	121.02	79.31
7413	2	3782	0	19	0	11	83.85	66.11
544	2	5881	NA	14	2	NA	121.4	77.8
7967	1	4783	0	12	0	11	102.43	72.22
5874	1	2240	1	29	0	12	92.1	NA
2020	1	8810	0	6	0	12	95.26	NA
3604	1	4000	1	3	0	11	95.53	NA
3326	1	3843	0	8	0	11	89.05	68.07
2688	2	6384	NA	23	5	NA	111.32	79.44
4531	1	5340	1	15	0	9	92.85	69.23
2652	1	668	0	23	0	13	109.9	77.43
8734	1	1622	NA	21	11	NA	120.68	84.05
2776	2	3015	NA	23	5	NA	124.05	81.58
15	2	4600	NA	9	4	NA	121.4	86.69
2846	2	6765	NA	7	1	NA	116.65	82.55
1474	2	8865	NA	20	1	NA	121.71	NA
9023	1	8293	NA	5	9	NA	119.95	77
300	2	4836	0	23	0	12	100.94	78.41
4016	2	2966	NA	4	2	NA	122.67	85.78
324	1	4373	0	1	0	10	95.78	71.37
1016	1	3328	0	1	0	8	92.12	69.82
2114	1	8345	0	12	0	9	98.84	75.26
7035	2	5149	0	1	0	11	97.03	66.94
2555	1	5624	0	19	0	12	102.6	72.63
802	1	7333	0	13	0	11	100.75	74.34
3928	2	6353	0	24	0	11	99.45	74.8
5732	1	64	0	6	0	11	86.29	NA
5052	2	556	NA	3	4	NA	122.41	79.97
5843	2	8841	1	18	0	10	95.2	69.12
4258	2	7301	0	1	0	8	93.45	71.77
19	1	5981	1	19	0	10	93.14	66.59
5199	1	1074	1	22	0	9	96.32	68.61
2269	1	6464	0	29	0	10	102.83	NA
1329	1	8004	0	8	0	11	100.66	72.56
2810	2	2196	NA	26	8	NA	124.79	85.49
7810	2	6527	0	1	0	10	94.71	72.58
4143	2	7842	NA	3	1	NA	114.88	80.75
7355	1	8200	NA	3	3	NA	123.59	76.23
6857	2	3432	NA	22	1	NA	109.89	79.31
6768	1	1221	NA	22	9	NA	128.36	86.85
6126	1	2526	NA	19	1	NA	103.07	79.15
3885	2	5631	1	15	0	9	95.85	68.81
8996	2	3747	0	13	0	11	105.78	80.78
3519	1	4739	0	19	0	12	103.84	78.01
8533	1	3082	NA	4	8	NA	118.12	68.12
4556	1	1221	0	11	0	11	100.13	83.45
5516	1	8913	NA	14	7	NA	120.73	77.07
3197	1	8249	1	24	0	11	99.55	71.45
6968	2	8896	0	15	0	11	98.93	74.67
8226	2	3065	0	3	0	8	105.92	NA
3692	2	8870	0	19	0	11	93	68.23
5410	1	3668	NA	2	6	NA	123.8	83.65
7511	2	9023	0	22	0	12	102.93	76.98
7186	2	8164	NA	7	1	NA	117.55	79
1905	2	4252	1	1	0	9	96.44	65.93
6719	2	5879	0	18	0	11	105.98	77.65
8853	2	5691	NA	7	1	NA	102.45	83.5
4429	2	3857	0	8	0	11	101.88	73.12
1925	1	3366	0	11	0	9	94.49	70.35
6568	1	503	0	24	0	11	105.5	77.04
6877	2	81	NA	7	1	NA	105	77.3
3251	2	6441	NA	27	3	NA	122.36	85.06
8907	1	64	1	16	0	11	100.58	68.06
2447	2	3015	1	22	0	11	97.55	71.73
3137	1	1607	NA	6	7	NA	124.29	85.12
5881	1	7221	NA	23	11	NA	126.69	80.29
7237	2	1085	0	16	0	12	102.52	NA
3771	1	582	NA	22	1	NA	108.26	NA
79	2	1472	0	24	0	11	103.8	73.9
7336	1	6110	1	11	0	11	98.62	67.6
2465	1	2975	0	27	0	10	91.93	69.24
5448	2	5550	0	22	0	11	104.14	74.71
8879	1	4167	1	13	0	9	88.72	63.56
922	1	7840	NA	2	1	NA	111.88	75.64
4150	2	2623	0	26	0	11	95.86	69.14
34	1	1274	0	6	0	9	92.99	66.36
7744	2	1479	NA	16	8	NA	125.22	81.21
3539	1	5691	NA	16	10	NA	119.25	82.53
7658	2	3971	0	15	0	11	102.37	74.18
2771	2	4204	0	29	0	12	102.35	NA
6091	1	5900	NA	7	1	NA	112.15	79
5677	1	6849	NA	7	1	NA	113.7	83.8
4693	2	6161	0	22	0	13	100.5	73.57
1108	2	7813	0	27	0	11	101.32	75.78
3725	2	6125	NA	19	1	NA	106.68	70.27
6707	1	7615	NA	26	1	NA	111.06	83.49
4046	2	5006	0	22	0	11	101.11	73.26
3428	1	6849	0	23	0	11	95.66	71.18
9008	2	4903	NA	16	2	NA	112.8	77.78
582	1	6831	NA	23	8	NA	121.35	80.35
1244	2	2899	0	16	0	12	96.84	68.63
3910	1	8133	0	6	0	6	88.36	55.76
139	2	970	0	24	0	10	105.85	72.75
8259	1	4153	0	24	0	11	98.31	73.65
6334	1	5583	0	12	0	11	96.91	64.38
1125	1	5108	NA	14	2	NA	129.15	78.6
2040	2	2452	0	22	0	1	59.83	NA
6523	1	7510	0	12	0	10	95.39	71.99
4124	1	6843	NA	26	1	NA	105.43	74.46
8540	2	6232	0	18	0	11	104.11	74.27
5296	1	2974	NA	16	8	NA	117.63	76.78
8717	1	2913	0	29	0	13	101.75	NA
8759	1	7931	0	18	0	11	97.32	68.03
8812	2	3846	0	6	0	11	101.35	NA
6367	2	3015	1	22	0	10	96.19	64.9
6369	2	8901	NA	26	1	NA	114.45	80.48
630	1	7760	0	24	0	9	90.6	66.5
8252	1	4538	1	27	0	12	91.91	66.98
7675	2	7633	0	24	0	8	92.04	63.03
1576	1	1622	NA	3	4	NA	126.5	86.69
3147	2	8526	NA	14	2	NA	123.05	84.75
8922	2	5635	0	27	0	7	100.03	71.4
1867	1	8082	NA	11	3	NA	118.65	80.2
2388	2	7615	1	8	0	11	87.55	66.51
1224	2	4871	NA	23	3	NA	123.34	85.5
668	1	1529	NA	20	10	NA	124.25	84.38
9053	1	5108	0	12	0	11	97.28	73.75
2008	1	3926	NA	11	6	NA	122.76	85.26
1777	1	450	0	27	0	11	103.35	68.19
4292	1	4781	0	18	0	11	101.62	76.13
3183	1	6443	0	7	0	11	101.19	NA
4029	1	5900	0	12	0	11	100.82	78.72
2080	2	8740	0	11	0	10	101.66	72.66
8808	1	4251	0	19	0	11	105.95	81.8
4006	2	4707	0	19	0	11	97.33	77.13
8311	2	5815	NA	26	1	NA	108.27	79.58
1602	2	2062	NA	7	4	NA	128.81	83.87
3023	1	5396	0	29	0	10	89.56	NA
7997	1	8738	0	24	0	10	97	65.7
6487	1	4871	NA	3	8	NA	124.21	89.72
8601	1	8526	0	7	0	13	105.81	89.41
6670	1	4413	NA	7	1	NA	119.7	81.15
4516	1	1199	0	29	0	11	96.28	NA
918	1	1705	0	13	0	10	101.16	79.22
6161	1	7201	NA	25	9	NA	126.34	82.81
4871	1	6858	NA	20	7	NA	126.61	89.89
7841	2	4031	0	22	0	11	105	78
2449	2	3027	NA	20	1	NA	116	NA
6653	1	4031	NA	16	5	NA	121.5	85.55
923	1	552	1	23	0	11	97.16	68.58
7868	1	1848	0	1	0	11	97.48	78.34
5119	1	2665	0	6	0	12	107.79	75.96
1369	2	8678	NA	4	2	NA	120.75	85.31
667	1	6846	0	8	0	11	99.89	73.36
6452	1	4328	NA	20	1	NA	105.42	NA
4175	2	6768	NA	4	2	NA	121.55	79.81
3475	2	2286	0	19	0	10	97.15	71.98
1117	1	6849	0	22	0	12	106.24	80.9
1039	1	7760	1	13	0	11	94	68.65
7068	1	1622	NA	25	8	NA	123.89	83.2
3432	1	6102	NA	3	7	NA	125.02	82.26
2290	1	2279	0	9	0	12	103.74	79.13
9050	2	5635	0	1	0	11	98.76	74.27
3059	1	7584	0	18	0	12	99.14	66.14
6864	2	4252	1	8	0	10	93.12	64.14
7460	1	3173	0	16	0	12	102.3	78.44
2009	1	3867	NA	14	2	NA	118.4	76.65
8788	1	3559	NA	20	4	NA	120.78	77.72
6852	2	3054	NA	4	2	NA	117.84	83.15
1086	1	8973	1	19	0	10	94.64	68.46
5090	1	2052	1	11	0	10	100.49	73.18
6197	2	4935	0	13	0	11	100.28	74.97
4199	2	5818	0	11	0	10	104.3	76.34
1675	1	3364	0	11	0	11	102.28	73.4
5369	1	1983	NA	7	1	NA	110.35	76.3
6853	1	6252	NA	7	1	NA	108.15	82.85
7857	1	8293	1	18	0	8	83.9	61.62
1725	1	4935	NA	26	8	NA	124.12	86.88
3932	2	4714	0	19	0	11	99.07	73.99
6447	2	3015	0	16	0	11	104.65	81.43
4600	1	4704	NA	26	5	NA	120.34	83.89
5502	1	6527	0	19	0	11	86.45	70.46
1484	2	5359	0	19	0	11	106.13	76.78
447	1	1353	NA	20	1	NA	113.07	NA
2860	1	8489	NA	26	1	NA	113.79	77.76
7663	1	2062	NA	23	11	NA	123.17	78.78
1218	1	104	NA	8	1	NA	100.49	72.89
4679	1	4871	1	23	0	7	NA	74.03
2405	1	6487	0	23	0	11	101.43	73.56
5006	1	4836	NA	25	9	NA	124.06	80.45
9027	1	125	0	27	0	12	101.22	76.31
835	2	4482	NA	2	1	NA	114.87	82.98
7723	1	7506	1	11	0	10	92.43	69.34
2132	1	4707	NA	15	2	NA	110.96	77.54
5999	2	8738	1	13	0	11	91.37	63.91
3976	2	9023	0	11	0	10	98.87	75.85
970	1	331	NA	16	5	NA	120.15	82.35
1917	1	4822	1	6	0	8	100.88	71.79
4798	1	6102	1	6	0	11	97.56	74.35
2092	2	6215	NA	2	3	NA	117.55	80.7
4251	1	3747	NA	8	6	NA	128.8	86.71
7073	2	6768	0	12	0	10	105.86	76.44
5949	1	4704	NA	7	8	NA	121.3	75.5
1388	1	4373	0	19	0	12	93.43	67.8
7957	1	229	0	13	0	12	104.7	71.81
8707	2	7780	NA	21	2	NA	119.04	NA
8340	2	4114	0	19	0	11	101.17	78.37
7628	2	4841	0	27	0	12	99.27	72.89
5894	1	2633	1	6	0	12	95.93	69.3
7014	1	8567	NA	3	1	NA	116.37	84.6
5816	2	2780	1	16	0	10	95.09	71.9
4191	1	2665	1	23	0	12	98.26	71.61
7149	2	4489	0	12	0	10	102.95	73.82
3789	2	2548	0	13	0	11	103.01	73.86
5485	2	3689	0	1	0	10	92.69	66.89
879	2	5359	1	15	0	10	98.93	78.22
2749	1	6526	NA	4	2	NA	110.81	78.1
5667	2	1833	0	13	0	10	100.91	77.17
3698	1	8970	NA	7	1	NA	112.8	79.3
7766	1	7577	NA	16	2	NA	106.01	72.79
5655	2	3733	0	13	0	11	105.87	78.21
5815	1	2467	NA	4	8	NA	119.14	80.36
4863	2	7506	1	16	0	10	101.04	67.2
6041	1	3986	1	11	0	10	97.69	69.29
8224	1	5009	NA	18	4	NA	118.38	79.69
7952	2	4822	NA	21	2	NA	121.73	NA
7963	2	2704	0	27	0	10	106.99	72.07
535	1	8841	NA	2	8	NA	109.73	NA
3472	1	8810	0	3	0	13	93.37	68.96
4739	1	8970	NA	26	8	NA	125.41	82.9
8336	1	1353	1	29	0	10	96.15	NA
285	2	8249	NA	7	1	NA	103.4	83.55
327	1	8738	NA	7	1	NA	104.5	76.5
8622	2	5773	NA	2	3	NA	117.5	80.47
2084	2	4506	0	29	0	11	107.06	NA
6283	2	4426	0	24	0	9	96.95	79.15
2086	1	6477	0	12	0	11	101.2	74.14
3791	1	3879	1	15	0	11	93.37	71.3
5170	2	2623	0	12	0	9	94.22	65.71
7351	2	5920	1	12	0	9	93.97	67.36
2680	1	7842	0	18	0	12	104.34	74.14
6955	1	6208	1	27	0	12	101.18	73.31
6474	2	8108	1	29	0	11	105.23	NA
3080	1	8082	NA	7	1	NA	116.6	78.4
4827	1	7681	NA	7	6	NA	128.52	82.71
548	2	4192	0	11	0	10	102.44	71.84
6381	2	2623	NA	15	2	NA	116.91	81.84
7993	1	3637	0	19	0	12	101.96	74.33
143	2	6846	0	9	0	12	103.74	72.21
4738	2	613	0	19	0	12	98.88	73.56
3667	1	6102	0	18	0	11	96.6	76.11
7680	2	1689	NA	9	4	NA	122.09	85.63
819	2	2113	NA	14	5	NA	126.19	80.43
6424	2	3785	1	19	0	9	92.97	73.99
808	1	1375	0	18	0	12	101.84	74.74
5204	2	2635	0	1	0	10	98.29	73.93
7655	1	2180	0	13	0	11	98.56	71.26
8780	2	2604	0	19	0	11	101.33	75.94
4306	1	8841	NA	23	5	NA	121.42	79.9
3396	1	5959	0	18	0	11	98.74	68.16
5350	2	8978	0	8	0	10	88.52	70.21
791	2	3227	0	9	0	10	96.92	68.89
2887	2	5410	NA	7	1	NA	123.15	87.5
799	2	2317	1	9	0	12	101.22	70.23
7797	1	5881	0	22	0	8	102.19	72.85
1911	1	821	NA	20	1	NA	113.16	NA
2467	1	7506	NA	2	11	NA	126.27	82.5
8087	1	2173	0	24	0	10	94.7	75.8
2731	2	8740	NA	7	1	NA	120.2	85.6
5504	2	5631	0	13	0	9	103.76	74.25
456	2	582	0	24	0	11	104.2	79.2
8560	1	4935	NA	24	3	NA	122.42	86.04
6337	2	5503	0	12	0	10	98.04	67.94
7365	1	3986	1	11	0	10	96.18	68.27
8068	1	3879	1	15	0	9	87.84	62.5
580	1	1142	NA	25	2	NA	113.1	75.99
8685	1	6706	NA	16	8	NA	127.93	77.83
2216	2	6132	1	12	0	9	96.1	71.08
7519	1	6159	NA	11	8	NA	115.32	75.83
7779	1	695	NA	3	7	NA	123.95	78.71
3173	1	2780	NA	23	5	NA	121.31	85
3518	2	1257	1	16	0	11	93.92	66.98
8166	1	6015	0	22	0	12	105.12	73.22
3025	2	2700	0	18	0	9	98.65	80.15
4135	2	7840	NA	5	6	NA	122.07	79.32
4927	1	6232	NA	7	4	NA	123.47	83.33
7907	2	1760	0	9	0	11	105.57	86.52
5691	1	1206	NA	6	10	NA	126.9	79.5
2954	2	3916	0	12	0	11	95.06	72.52
740	2	552	NA	5	1	NA	118.59	85.5
3294	1	2476	0	18	0	4	89.28	64.78
3986	1	8848	NA	29	10	NA	127.3	85.9
3102	2	3592	NA	8	5	NA	122.72	74.35
2947	1	7642	0	22	0	12	94.38	67.23
3787	1	3027	1	29	0	10	88.73	NA
5380	1	762	1	11	0	11	103.13	70.32
870	1	3762	NA	3	14	NA	130.19	83.02
5233	2	695	NA	5	1	NA	116.34	72.34
1685	1	1793	0	11	0	11	101.81	76.64
4043	2	8416	0	16	0	10	86.02	61.51
6482	2	5542	0	1	0	10	88.64	70.5
4081	2	7710	NA	23	1	NA	113.02	78.4
8701	1	3592	1	9	0	12	98.99	63.4
2254	2	7510	1	24	0	10	92.4	62.69
1227	2	2306	0	24	0	11	97.19	75.07
7249	1	7760	NA	26	1	NA	108.21	88.49
8903	1	8108	1	29	0	11	97.77	NA
8081	1	5340	0	19	0	12	100.16	74.62
3445	2	2843	NA	23	1	NA	115.45	79.63
4243	2	8030	0	1	0	10	97.55	72.7
3676	1	81	0	16	0	12	94.07	69.37
3921	1	1622	NA	25	2	NA	113.8	NA
310	2	7202	0	16	0	12	106.2	77.14
495	1	5670	0	24	0	10	103.3	76.65
3448	2	7929	0	11	0	11	100.68	71.03
1272	2	4739	0	1	0	10	103.68	76.69
6293	2	6846	NA	26	1	NA	112.76	82.73
4432	2	2700	0	11	0	10	104.06	76.22
9015	1	1286	0	16	0	10	87.99	59.91
2976	2	1532	NA	7	1	NA	116.5	85
2424	1	5006	NA	2	1	NA	107.74	82.41
8904	2	1860	NA	14	5	NA	123.85	81.35
6470	1	1829	0	12	0	9	89.27	64.99
7477	2	7027	0	8	0	11	101.72	76.99
6394	1	5006	0	16	0	12	101.52	75.82
6208	1	5928	NA	24	9	NA	121.93	81.23
1306	2	7305	0	1	0	10	99.64	75.85
8174	2	6505	NA	15	2	NA	123.29	83.15
8018	1	1456	1	1	0	8	87.24	NA
8827	2	3834	NA	2	9	NA	125.47	NA
4901	2	2134	0	18	0	11	103.11	75.81
5181	1	1969	NA	9	2	NA	114.22	77.19
3130	1	2034	1	19	0	9	95.67	68.15
9002	2	6647	0	24	0	9	103.9	81
411	1	8746	0	12	0	12	104.67	76.83
3195	2	125	NA	9	4	NA	122.74	86.47
6813	2	5881	NA	4	8	NA	125.13	83.72
7222	1	1916	NA	5	4	NA	122.32	NA
758	2	5631	0	12	0	10	98.48	73.92
4849	2	2741	NA	20	1	NA	117.27	NA
2148	2	3065	0	29	0	11	108.91	NA
3354	1	8981	0	29	0	10	89.34	NA
4891	2	7956	NA	23	1	NA	114.66	84.49
1156	1	6846	1	26	0	12	99.28	70.16
8824	2	8158	0	29	0	12	111.43	NA
8642	1	146	0	22	0	10	98.57	68.86
2253	1	7541	NA	23	5	NA	133.44	91.45
4386	2	3366	0	16	0	12	104.49	77.26
8381	2	6487	0	22	0	7	105.85	82.77
5870	1	4251	0	9	0	6	96.73	71.66
7652	2	8504	1	12	0	9	98.57	62.73
4740	1	7873	0	1	0	11	98.94	72.48
442	1	2515	NA	2	10	NA	126.96	92.77
9036	2	3162	0	18	0	8	98.35	72.73
964	2	3747	0	15	0	9	107.81	81.38
8745	1	64	1	16	0	10	101.36	64.22
4764	1	7584	0	23	0	11	103.85	77.7
7254	2	7219	0	15	0	12	103.73	74.15
4763	2	3082	1	9	0	10	102.09	73.33
4279	1	2306	0	11	0	11	101.78	70.09
8387	2	1288	NA	16	2	NA	120.24	83.29
9032	1	2985	0	19	0	11	99.72	71.41
6643	2	2274	0	11	0	9	88.83	64.43
1192	2	4838	0	15	0	9	96.53	66.26
2479	1	8345	0	8	0	12	100.5	77.89
8722	1	5949	NA	26	1	NA	118.4	83.3
2570	1	2113	0	16	0	12	94.93	64.79
2160	2	7068	0	18	0	11	104.42	80.45
3835	2	5296	0	24	0	11	101.75	76.27
2111	2	8361	NA	15	2	NA	118.89	85.63
5136	1	8004	0	12	0	10	98.49	75.49
1762	1	1543	0	12	0	10	93.8	69.54
5953	2	7813	NA	15	2	NA	120.47	88.3
2774	2	8605	0	19	0	11	98.22	72.04
3840	1	4153	NA	11	6	NA	121.8	78.41
8078	1	6161	1	11	0	11	92.91	69.41
2090	2	4426	0	12	0	10	103.57	75.9
5436	1	4626	NA	22	9	NA	122.46	79.7
8785	1	5410	1	11	0	12	98.58	71.03
8725	1	5108	NA	4	2	NA	118.48	78.1
7340	2	3926	NA	23	1	NA	117.05	NA
2788	1	7355	0	23	0	12	105.52	74.07
7364	1	6850	0	17	0	11	102.68	NA
7192	1	3994	0	24	0	10	99.99	69.69
123	2	52	NA	26	6	NA	131.79	84.34
7213	2	2690	NA	2	1	NA	NA	81.61
4382	1	6707	0	12	0	9	87.93	64.57
909	1	1760	0	27	0	11	103.05	79.43
5697	2	2982	0	29	0	11	102.01	NA
4563	1	3879	0	12	0	8	96.36	73.38
8567	1	1510	NA	21	11	NA	126.47	84.49
4140	2	1916	NA	3	3	NA	123.97	85.76
7758	1	6325	0	1	0	11	94.24	70.3
2717	2	3832	1	22	0	6	81.65	59.55
8119	1	8342	NA	7	1	NA	112.75	83.5
2150	1	7956	1	11	0	11	96.78	70.85
618	2	64	NA	14	2	NA	120.25	88.25
2066	2	5751	0	11	0	10	96.17	70.23
3801	1	2476	NA	5	1	NA	107.8	79.7
3376	1	6778	NA	25	9	NA	126.33	NA
476	1	3376	NA	3	3	NA	115.55	74.92
3792	1	450	0	15	0	10	92.98	72.29
6377	2	5831	NA	22	1	NA	119.52	80.8
1940	2	5378	0	11	0	11	101.59	73.08
81	1	795	NA	2	6	NA	122	78.7
7295	2	218	0	24	0	11	106.05	76.55
2817	2	5103	NA	20	1	NA	121.38	NA
7821	1	6158	0	2	0	2	80.65	63.01
4973	1	2134	0	16	0	13	108.56	76
1486	2	4626	1	11	0	10	89.99	65.25
6402	2	2467	NA	26	1	NA	118.46	83.84
2663	2	240	NA	5	5	NA	123.5	86.36
3906	1	2070	NA	11	3	NA	118.2	78.35
900	1	970	0	11	0	11	99.05	70.71
625	2	8533	0	12	0	9	93.96	62.72
938	2	2982	NA	3	1	NA	109.12	80.47
4370	1	2134	0	11	0	12	98.43	71.38
6610	2	2857	NA	21	2	NA	122.25	NA
5719	1	6443	0	11	0	11	100	74.46
5357	1	6106	NA	26	8	NA	126.93	74.85
3072	2	1505	0	27	0	11	102.75	73.17
257	2	7935	0	12	0	8	85.25	63.78
4568	1	3785	0	27	0	12	101.84	75.74
5329	1	4085	0	18	0	12	98.44	69.37
2280	2	218	NA	16	5	NA	126.55	79.8
6581	1	3356	NA	8	1	NA	108.61	69.84
8313	2	2899	NA	7	1	NA	113.41	80.54
2382	2	6161	1	6	0	10	91.4	64.02
3628	2	5033	0	1	0	9	96.91	72.85
7831	1	7263	NA	19	1	NA	107.76	76.59
4156	2	552	NA	25	8	NA	135.32	92.11
2520	2	6994	NA	9	4	NA	124.11	84.9
8125	2	8810	0	18	0	12	98.83	67.94
4283	1	482	0	12	0	10	100.19	72.36
4692	2	2682	1	23	0	11	NA	72.71
3799	1	8685	NA	4	2	NA	124.4	81.26
2089	2	7956	NA	16	2	NA	120.6	85.25
7711	1	1074	NA	2	1	NA	114.27	75.55
3741	1	8274	1	11	0	12	94.38	65.02
3005	2	5818	1	7	0	13	102.59	69.24
8662	1	8063	NA	19	1	NA	106.19	79.65
2975	1	1647	NA	4	9	NA	116.91	72.89
2707	1	516	1	15	0	11	96.62	69.97
2871	1	8345	0	13	0	11	106.65	80.45
8361	1	8341	NA	26	8	NA	119.53	80.19
8796	1	3270	NA	14	2	NA	122.25	76.9
5806	2	1782	0	24	0	10	102.63	75.97
6127	1	2985	0	13	0	12	104.51	78.19
913	2	801	1	16	0	10	88.26	60.03
8164	1	2250	NA	16	5	NA	120.8	76.85
2872	2	2515	0	24	0	11	110.3	73.65
3944	1	5815	0	12	0	11	94.45	74.02
3735	1	7424	0	23	0	11	101.16	82.17
7287	1	3785	NA	26	7	NA	118.79	80.96
73	1	3687	0	22	0	11	100.64	70.33
4168	2	8021	0	24	0	12	105.41	79.12
4007	2	6299	1	27	0	11	96.85	66.86
5493	2	6443	NA	14	2	NA	113.6	79.6
7836	1	2780	1	18	0	10	88.73	68.4
766	2	6520	0	27	0	12	106.92	71.77
5851	2	2134	0	6	0	10	92.82	66.96
1427	2	3539	0	24	0	11	101.7	76
5066	1	9017	1	18	0	12	104.07	76.81
1888	1	1015	1	24	0	8	92.45	71.35
1036	2	3270	NA	7	1	NA	107.55	74.31
5101	2	6110	0	16	0	11	97.55	72.35
7707	2	6516	0	11	0	11	103.86	78.2
8990	1	6764	1	24	0	11	97.25	67
5121	1	7877	0	27	0	12	107.24	77.65
1007	1	3874	0	14	0	8	98.1	NA
1345	2	3879	1	13	0	9	98.83	67.93
5973	2	1073	0	1	0	9	94.51	72.94
2513	2	6516	0	16	0	8	89.4	71.96
8605	1	2966	NA	7	10	NA	121.17	76.96
6344	2	3747	0	1	0	9	94.6	73.07
6845	2	4426	NA	26	8	NA	116.35	84.38
8583	1	6519	0	19	0	11	97.77	72.11
3476	1	4256	NA	7	9	NA	123.84	82.59
6796	2	8345	0	26	0	12	96.01	72.32
5325	1	795	NA	3	4	NA	120.74	78.91
2031	1	1728	0	24	0	8	98.5	73.35
910	1	692	0	23	0	12	102.75	78.4
8452	1	4836	NA	3	1	NA	111.49	NA
6491	2	4927	NA	4	2	NA	116.1	80.04
3366	1	7956	NA	18	4	NA	121.1	89.89
5420	2	2452	0	12	0	10	100.07	70.98
8485	1	487	0	29	0	11	95.63	NA
6882	1	2975	0	1	0	8	86.25	68.39
8044	1	4514	1	12	0	11	93.99	67.93
3060	2	7506	1	11	0	10	99.25	70.6
1790	2	5084	NA	7	1	NA	115.65	78.75
8343	2	8082	0	16	0	12	106.33	75.73
1691	2	1107	0	18	0	11	100.37	72.12
8016	1	9012	0	19	0	11	94.4	68.89
1796	2	7374	0	1	0	10	100.91	73.69
7157	2	1375	NA	5	9	NA	127.15	86.6
7900	2	5580	1	13	0	9	96.54	72.8
1297	2	4781	0	24	0	10	104.75	77.31
6232	1	1260	NA	6	9	NA	121.59	NA
5184	1	7636	1	22	0	12	91.05	63.95
1932	2	6717	NA	7	1	NA	111.7	81.7
4553	1	6621	0	23	0	12	NA	78.17
7232	1	8376	0	11	0	12	101.6	72.09
7862	1	8293	NA	7	1	NA	109.65	78
7813	1	5895	NA	4	9	NA	120.74	75.96
8398	2	7710	NA	6	2	NA	122.5	84.47
7171	1	8901	0	16	0	10	90.29	59.35
4294	1	8495	0	29	0	9	100.3	NA
3510	2	8202	NA	15	2	NA	120.14	85.15
1674	1	4167	NA	11	6	NA	118.2	77.24
190	2	6208	1	9	0	10	103.19	74.68
5331	1	4489	NA	8	6	NA	124.83	78.92
3719	1	4672	NA	13	5	NA	113.46	76.32
6018	2	2654	NA	21	2	NA	123.2	NA
1199	1	2537	NA	21	2	NA	118.62	NA
7615	1	5410	NA	14	6	NA	121.24	83.41
5878	1	1568	0	6	0	10	91.66	64.7
770	1	5169	1	24	0	10	95.7	66.45
4557	2	511	0	6	0	11	100.4	76.82
1446	2	4935	0	12	0	11	101.6	80.55
8088	2	1107	1	23	0	12	104	76.83
5579	2	795	0	16	0	12	101.72	77.03
6141	1	1283	NA	7	1	NA	103.85	76.5
5213	2	43	1	18	0	4	75.35	55.29
8997	1	2633	NA	23	1	NA	112.37	77.86
4325	1	8901	0	24	0	12	105.5	80
8878	2	1860	NA	7	1	NA	113.8	77.8
1608	2	6555	0	24	0	11	97.59	73.75
3359	1	6414	0	19	0	11	96.9	66.61
2318	2	8835	NA	21	2	NA	123.06	NA
5876	2	8321	0	6	0	12	109	80.89
2579	2	5193	1	3	0	8	103.27	74.17
5309	1	901	NA	7	8	NA	126	80.07
2669	2	5895	NA	7	1	NA	118.25	82.5
4677	1	3874	NA	7	1	NA	110.7	82.7
1964	2	9023	0	18	0	10	94.57	68.11
3751	2	99	0	11	0	10	97.22	69.2
8264	2	1198	0	29	0	10	97.16	NA
154	2	3316	NA	20	1	NA	125.45	NA
7760	1	4514	NA	7	6	NA	120.81	84.64
4770	1	6001	NA	16	5	NA	116.2	76.3
8986	1	6647	1	12	0	11	98.52	67.91
4354	1	2317	1	12	0	11	99.66	75.85
2726	1	1164	0	11	0	11	102.77	77.24
1843	2	1969	1	15	0	12	99.37	70.94
8589	1	1037	0	13	0	11	101.02	73.11
482	1	1479	NA	16	8	NA	119.41	82.95
7346	2	1472	NA	7	1	NA	117.3	82
2721	1	4820	1	29	0	10	100.45	NA
8063	1	3539	NA	4	8	NA	119.33	80.7
6556	2	1456	1	1	0	9	83.94	57.6
2430	1	8345	1	9	0	11	104.79	73.07
1780	2	1472	NA	26	1	NA	117.94	86.62
8358	1	7068	0	22	0	11	97.07	69.21
8810	1	240	NA	25	5	NA	119.21	81.1
7399	1	6208	0	8	0	12	101.99	74.94
9038	2	801	NA	7	1	NA	113.3	78.15
3887	2	8980	1	1	0	9	94.39	69.91
4675	2	2792	NA	20	1	NA	102.08	NA
8884	1	745	1	22	0	11	91.11	67.07
6948	2	1	0	11	0	9	99.74	74.67
3765	2	3983	NA	5	2	NA	117.54	83.1
7495	2	2682	0	6	0	12	106.22	72.94
5146	1	8361	NA	27	3	NA	114.38	79.4
8453	2	556	NA	16	2	NA	117.69	89.29
2494	2	1840	0	1	0	10	96.51	81.84
4381	2	5499	NA	9	3	NA	117.84	84.13
5396	1	4358	NA	20	1	NA	110.13	NA
907	2	8293	NA	16	2	NA	117.55	84.67
3574	2	2839	NA	16	2	NA	117.18	77.79
7326	2	5550	0	16	0	11	103.68	75.34
380	1	7710	0	29	0	9	102.59	NA
6263	1	6689	0	6	0	12	91.76	64.79
2811	2	6161	0	18	0	12	NA	74.7
1067	1	7840	1	16	0	4	94.47	73.44
3959	2	1015	NA	14	2	NA	116.9	78.5
1065	2	8183	NA	23	5	NA	124.38	77.3
8678	1	3270	NA	22	9	NA	122.74	88.4
8396	2	1689	0	27	0	12	102.26	71.23
2518	2	5675	1	18	0	11	97.86	67.29
2922	1	7510	NA	7	4	NA	126.49	79.56
5124	1	5956	0	24	0	12	99.9	74.1
8600	1	1900	NA	5	6	NA	129.26	90.86
8658	2	6441	0	19	0	11	101.19	76.61
556	1	8158	NA	20	10	NA	127.94	84.1
2250	1	5006	NA	3	10	NA	118.75	NA
1138	2	2700	0	22	0	11	102.29	79.61
2713	2	1353	1	29	0	10	95.83	NA
4411	1	2843	1	6	0	12	100.19	NA
6659	2	801	0	11	0	10	98.81	72.7
6252	1	2476	NA	23	8	NA	113.75	77.5
1330	1	4783	0	24	0	11	98.5	71.7
2316	2	6831	NA	5	4	NA	123.33	87.69
564	2	1916	1	6	0	13	98.06	68.16
5595	1	1257	1	16	0	11	95.92	71.04
2752	1	7434	0	18	0	11	101.77	75.43
3312	2	2974	0	11	0	10	100.82	78.74
6676	2	1829	1	19	0	8	84.63	61.06
2110	2	7519	0	13	0	9	88.57	65.14
4707	1	2255	NA	13	4	NA	115.69	84.67
1229	2	1781	NA	21	2	NA	121.62	NA
7528	1	6792	1	23	0	12	95.13	67.92
7564	1	3514	NA	20	4	NA	129.41	87.6
23	2	7424	0	16	0	11	106.15	73.83
4762	1	8321	NA	3	3	NA	118.95	80.89
933	2	5691	0	11	0	11	99.56	78.25
6679	1	6505	0	19	0	11	98.31	71.55
4128	2	4854	0	12	0	10	104.66	76.66
7462	2	6516	NA	7	4	NA	126.29	81
1057	1	5193	1	23	0	12	100.03	73.15
2035	1	1024	NA	7	1	NA	102.5	74
6117	2	556	NA	2	3	NA	133.28	88.55
161	2	7842	NA	6	3	NA	125.31	86
2394	1	2452	0	24	0	11	98.3	75.86
1264	1	6621	NA	17	3	NA	120.38	NA
3182	2	5084	1	26	0	12	97.88	75.29
2448	2	8249	NA	14	2	NA	121.05	90.7
2314	2	7908	0	11	0	10	102.66	77.83
3429	2	2279	0	13	0	11	101.85	71.5
1758	1	2317	1	27	0	11	96.58	71.66
685	1	8364	0	18	0	12	100.83	75.89
7427	2	1024	0	11	0	11	97.14	73.18
1683	1	2780	1	16	0	12	97.72	73.59
8327	1	3356	1	13	0	11	99.07	67.46
6439	1	3834	1	16	0	12	95.13	70.8
5190	2	2966	NA	2	1	NA	107.68	76.03
2664	1	2798	0	16	0	11	91.13	73.03
2631	1	762	1	16	0	11	94.91	65.97
2795	1	1705	0	19	0	10	95.21	72.66
5685	1	5580	0	12	0	11	97.99	74.72
1237	1	335	0	27	0	12	104.68	70.51
3209	2	8504	1	13	0	11	103.14	77.42
4690	2	7642	NA	4	4	NA	128.12	81.13
3458	2	8567	0	23	0	12	107.96	79.25
3808	1	6778	0	29	0	12	100.79	NA
7439	1	2306	NA	26	7	NA	127.86	77.39
3488	2	3376	1	16	0	10	98.95	68.26
224	1	1090	0	29	0	11	95.32	NA
3857	1	8341	NA	7	11	NA	127.22	76.44
1245	2	7068	0	23	0	12	108.44	82.94
2844	2	7779	0	6	0	10	91.22	67.46
125	1	3874	NA	4	9	NA	117.78	84.76
14	1	8116	NA	26	8	NA	121.91	80.42
3170	2	3637	NA	15	2	NA	126.01	84.54
6505	1	8079	NA	4	8	NA	121.1	74.18
4192	1	8200	NA	5	6	NA	115.09	69.65
8015	2	5193	1	6	0	10	104.68	75.61
8373	1	2034	0	27	0	12	102.93	71.2
6717	1	6102	NA	23	8	NA	116.5	83.15
2618	2	6717	NA	2	1	NA	111.67	79.13
2195	2	3986	1	23	0	12	106.49	77.18
1543	1	8004	NA	4	2	NA	111.93	76.04
811	2	3565	0	11	0	9	87.49	61.91
3836	2	8341	0	12	0	8	92.59	62.74
5354	1	6846	0	24	0	11	103.1	76
7786	2	5006	0	6	0	8	91.15	69.58
8349	2	335	1	15	0	10	98.16	69.68
8331	1	3776	0	12	0	10	91.11	75.25
2188	1	7439	NA	9	4	NA	118.68	70.49
2978	2	4482	1	22	0	7	88.57	66.74
4526	2	1539	0	15	0	10	98.39	67.82
1405	1	2062	0	18	0	11	106.19	72.24
2113	1	4781	NA	2	12	NA	129.35	81.33
5934	1	3117	NA	11	10	NA	122.7	86.69
5287	1	3846	NA	3	8	NA	121.93	81.28
315	2	511	NA	3	4	NA	125.32	78.25
2497	1	6778	NA	5	6	NA	122.06	76.41
7840	1	2857	NA	25	9	NA	129.26	87.28
3340	2	1568	0	16	0	12	102.21	72.69
8482	2	7434	1	23	0	12	103.59	77.19
3191	2	335	NA	7	1	NA	NA	76
362	1	8139	0	29	0	11	93.45	NA
1850	2	745	1	26	0	11	97.28	69.79
3231	2	8600	1	16	0	6	101.2	74.3
563	2	2857	0	29	0	12	107.24	NA
3315	1	3015	0	18	0	11	96.8	72.38
4515	2	4523	0	1	0	8	89.13	67.71
6062	2	7448	0	18	0	6	96.33	76.07
565	2	5516	NA	26	7	NA	126.57	85.2
4235	1	1760	0	13	0	11	100.83	73.59
7982	2	7931	NA	2	1	NA	113.34	80.28
3915	2	668	0	22	0	10	96.8	73.54
6165	1	7222	0	16	0	12	101.69	79.02
5955	2	3416	1	12	0	9	93.63	67.9
5930	2	1568	NA	14	2	NA	119.7	77.8
2829	1	8541	NA	16	8	NA	123.54	80.3
2727	2	442	NA	4	8	NA	127.9	82.89
4233	2	5744	0	17	0	11	107.61	NA
7385	2	4085	NA	14	2	NA	119.55	79.6
3337	2	9021	0	19	0	11	101.21	66.15
4323	2	5033	1	19	0	9	94.84	67.87
5773	1	8321	NA	5	6	NA	117.49	82.4
298	1	7221	0	18	0	12	105.86	75.08
4312	1	8293	1	18	0	10	NA	71.97
1708	2	7912	0	1	0	10	100.14	79.26
6952	1	5670	NA	7	1	NA	113.8	80.1
525	2	7043	NA	3	4	NA	119.91	81.07
3269	2	442	0	8	0	12	94.75	71.26
3608	1	4167	0	12	0	11	101.95	73.59
2276	2	3834	1	18	0	10	92.66	66.78
5778	2	8477	0	27	0	11	106.48	65.46
3050	1	6840	0	6	0	11	95.34	68
3090	2	255	0	8	0	11	102.18	72.89
5801	1	1576	1	18	0	11	104.47	74.21
6695	2	1073	NA	26	1	NA	114.68	83.07
8970	1	2062	NA	22	8	NA	122.24	82.68
8189	2	968	NA	15	2	NA	116.46	81.84
7975	1	3376	0	18	0	11	104.11	72.55
3177	2	3267	0	29	0	11	112.2	NA
5372	1	3986	1	23	0	11	96.77	73.77
6893	2	1809	0	19	0	12	107.21	76.28
2288	1	3506	NA	14	2	NA	125.45	79.5
2642	1	3506	0	23	0	5	82.34	57.95
2661	1	5881	NA	26	1	NA	98	73.05
7600	1	6299	1	13	0	9	90.74	61.44
1600	2	1195	NA	20	1	NA	120.9	NA
2281	1	1164	0	8	0	12	101.86	76.78
2792	1	1142	NA	21	2	NA	117.91	NA
2370	1	8345	1	27	0	10	99.57	66.35
2861	1	1107	1	23	0	12	103.25	75.53
2024	1	6179	0	1	0	8	89.49	69.87
4781	1	7541	NA	5	12	NA	134.16	83.55
5601	2	8108	1	25	0	9	102.89	NA
4401	2	1142	0	29	0	11	105.53	NA
3164	1	1411	NA	27	3	NA	112.23	76.27
8004	1	5108	NA	24	9	NA	123.52	84.02
6898	1	2985	1	9	0	12	100.57	70.5
6765	1	7434	NA	3	11	NA	127.15	80.8
2979	2	6001	NA	14	2	NA	121.7	79.3
697	2	6647	1	12	0	9	92.73	67.16
4229	1	5556	NA	12	7	NA	122.01	88.81
5285	2	5895	1	8	0	8	91.42	68.01
3217	2	4256	0	24	0	10	108.85	74.9
3032	1	6441	0	12	0	12	96	69.06
3066	1	6106	0	8	0	11	101.13	71.75
2511	2	104	NA	4	2	NA	112.82	76.69
2505	2	183	NA	4	2	NA	118.1	84.18
9054	1	5084	1	8	0	5	71.99	NA
4510	2	535	NA	14	2	NA	111.76	80.58
3564	1	5110	NA	15	2	NA	111.09	75.74
3880	1	2637	0	19	0	8	83.73	58.74
7320	2	7407	0	11	0	10	103.61	71.59
6524	2	6765	0	18	0	11	104.51	75.41
3841	2	4935	0	11	0	11	97.44	69.59
7156	1	5505	0	11	0	11	100.78	70.3
4937	2	745	NA	26	1	NA	108.56	76.32
4818	1	6299	0	12	0	11	98.63	68.64
1989	2	2899	NA	14	5	NA	126.74	87.15
3109	2	6414	0	1	0	9	101.09	71.38
2205	1	2473	0	12	0	11	101.85	75.23
369	1	4888	0	1	0	10	96.6	69.93
7752	2	5550	1	24	0	9	99.05	70.8
350	2	5503	1	13	0	10	100.3	65.49
7575	1	4888	0	19	0	12	95.66	69.41
8295	2	8605	NA	8	6	NA	123.51	85.95
3572	1	2980	0	11	0	10	99.52	76.56
5729	2	3659	NA	16	2	NA	121.91	85.01
4266	2	6505	0	12	0	11	99.35	67.11
397	2	256	0	1	0	8	88.37	73.49
3192	1	695	1	29	0	11	99.24	NA
6347	2	6846	NA	4	2	NA	116.48	75.88
4800	2	2843	1	18	0	12	97.41	68.29
6797	2	8145	NA	9	3	NA	129.91	88.94
4520	2	2656	NA	4	4	NA	122.5	80.41
2146	2	6892	0	1	0	9	97.04	75.18
4608	2	8103	NA	7	1	NA	113.75	77.35
65	1	3785	1	9	0	11	92.86	68.87
7824	2	4781	0	11	0	11	106.07	76.68
440	1	7374	0	13	0	11	101.84	69.97
555	1	5881	0	16	0	12	104.75	NA
446	2	1532	0	11	0	10	99.16	71.52
8728	2	8712	0	22	0	6	101.29	77.39
2559	1	552	0	6	0	12	107.35	77.74
551	2	1411	0	9	0	12	99.42	77.11
8298	1	8843	0	23	0	10	82.47	67.76
2633	1	5642	NA	20	7	NA	121.05	84.05
1347	1	5935	0	26	0	10	98.6	76.57
3466	1	450	0	9	0	11	98.44	77.04
82	2	5900	NA	4	4	NA	125.06	80.86
7735	2	64	1	18	0	10	98.01	70.26
1760	1	2008	NA	26	7	NA	121.38	84.57
8921	2	8316	0	24	0	10	104.65	77.7
2355	1	6001	NA	4	2	NA	119.89	79
2604	1	7219	NA	9	4	NA	121.64	79.83
5728	2	3082	0	8	0	10	97.22	71.92
8029	1	8738	NA	26	1	NA	111.88	77.67
944	1	5920	0	1	0	9	93.4	71.15
4315	1	7888	0	15	0	10	92.23	66.66
8211	2	3111	NA	9	4	NA	123.74	84.28
4107	2	5673	0	11	0	11	105.54	76.52
6375	1	695	NA	20	1	NA	108.44	NA
8314	2	5580	0	15	0	9	91.82	66.4
3474	1	8004	NA	9	4	NA	121.7	79.78
2452	1	1372	NA	2	9	NA	117.03	81.65
2070	1	2926	NA	5	6	NA	118.3	78.85
2890	1	8145	NA	15	1	NA	115.5	74.98
4673	1	4328	0	29	0	11	101.08	NA
8888	1	3840	0	24	0	10	100	72.7
3162	1	3986	NA	5	6	NA	132.81	83.27
6171	2	3015	NA	2	1	NA	110.86	75.21
3502	2	8021	NA	4	2	NA	115.65	85.81
3467	2	1074	NA	2	9	NA	124.02	77.7
8789	2	4085	0	24	0	8	93.2	69.5
5981	1	7642	NA	26	8	NA	116.35	76.4
3610	1	6184	0	19	0	11	96.83	72.18
5108	1	3926	NA	2	9	NA	126.65	81.87
1115	1	3986	0	18	0	12	103.31	70.96
1048	1	43	1	23	0	12	102.66	74.32
519	1	8183	0	11	0	11	101	72.05
5112	2	4182	0	1	0	9	97.37	71.61
448	1	2611	0	12	0	9	99.01	71.44
7513	1	2843	1	6	0	12	94.4	66.5
2568	1	2113	0	24	0	12	103.15	74.45
3119	1	8293	1	23	0	12	96.67	74.25
1024	1	8712	NA	2	9	NA	124.37	84.41
1325	1	7710	0	18	0	11	96.91	68.65
6762	1	516	1	12	0	9	91.8	65.71
7642	1	1260	NA	2	11	NA	123.99	81.61
6016	2	6215	1	18	0	11	102.93	83.26
665	1	7014	0	6	0	11	87.83	69.34
3704	2	8293	NA	7	1	NA	111.3	75.1
5400	2	6299	0	15	0	9	99.02	74.83
1349	1	5301	0	24	0	11	91.4	68.5
2482	2	8669	NA	21	2	NA	120.81	NA
9005	2	4871	0	18	0	10	106.86	80.83
5798	1	5169	0	12	0	12	99.49	74.37
7378	2	5181	0	15	0	9	101.56	71.58
5133	2	6831	0	18	0	10	100.68	69.4
5633	1	6792	1	23	0	11	94.72	70.79
6975	2	1576	1	23	0	11	101.47	77.2
5063	2	4306	0	22	0	11	99.39	74.36
5741	1	6	0	13	0	12	104.82	75.03
8360	1	2265	0	1	0	10	96.48	78.7
4895	1	14	0	9	0	11	102.01	78.83
384	2	2240	1	6	0	11	100.28	73.29
4974	1	2829	0	12	0	9	96.47	68.79
4813	1	7710	1	23	0	11	98.62	74.83
2236	1	6934	NA	19	1	NA	107.75	69.25
8980	1	7898	NA	9	4	NA	126.08	79.37
2780	1	1607	NA	29	10	NA	121.64	83.63
8479	1	4820	NA	29	3	NA	118.74	87.1
6909	1	1689	0	8	0	11	92.33	68.13
5751	1	3432	NA	2	11	NA	121.82	78.08
542	2	7448	1	22	0	10	94.66	69.8
5565	1	2515	NA	26	7	NA	121.96	84.26
8290	2	4000	1	29	0	10	98.52	NA
4059	2	3857	0	13	0	10	104.97	75.65
3148	1	1696	1	9	0	8	95.53	70.33
527	1	6237	0	8	0	11	96.4	69.25
8547	2	5084	NA	26	1	NA	112.6	82.15
7777	2	8738	0	8	0	9	100.3	71.8
805	1	2697	1	22	0	12	NA	57.44
7866	2	5378	NA	7	6	NA	127.5	88.77
518	1	5981	0	27	0	12	101.8	76.88
8800	1	3137	0	11	0	10	101.06	78.83
7387	2	715	NA	5	6	NA	128.79	84.75
8994	2	2780	1	11	0	10	93.37	70.07
2885	2	4739	0	8	0	11	100.35	74.54
4840	2	695	NA	23	1	NA	108.05	77.2
5317	2	5556	NA	4	2	NA	121.79	83.16
3831	2	64	1	11	0	9	96.2	62.41
8748	2	3986	0	16	0	12	110.3	83.39
3613	2	3659	0	22	0	10	91.83	67.92
6748	2	3948	0	29	0	10	103.07	NA
1023	1	52	1	12	0	11	96.03	69.53
7471	1	6208	1	9	0	11	101.67	71.18
3895	2	6974	NA	25	2	NA	116.34	77.03
3622	2	2476	0	11	0	10	95.86	74.89
7690	2	3636	0	24	0	10	102.6	72.9
5164	1	6027	1	23	0	11	103.74	78.82
3776	1	5296	NA	7	4	NA	124.49	76.04
662	1	6850	1	6	0	11	103.18	68.43
8456	2	8004	0	27	0	11	106.54	75.9
5895	1	4781	NA	22	9	NA	129.05	85.79
7214	2	7908	NA	5	2	NA	122.13	NA
1101	2	7501	NA	4	2	NA	112.13	83.37
4853	1	2966	1	7	0	9	98.55	73.65
8711	2	3328	0	19	0	10	102.9	82.37
4489	1	8116	NA	7	9	NA	123.36	81.51
1653	2	695	1	6	0	10	98.91	74.54
3054	1	6159	NA	7	8	NA	112.53	81.32
2262	1	3366	NA	22	1	NA	111.85	83.55
4955	1	3082	0	26	0	11	98.52	67.59
7448	1	6792	NA	5	6	NA	121.5	81.78
8689	2	6706	0	23	0	10	103.37	74.77
3971	1	4783	NA	26	8	NA	119.7	82.81
4676	2	183	NA	14	2	NA	122.3	80.6
1483	1	7287	1	15	0	10	94.7	72.47
5970	2	5831	NA	2	6	NA	123.5	83.3
5607	1	1456	1	19	0	11	89.92	66.56
5440	1	587	NA	20	7	NA	118.78	NA
7715	2	7908	NA	23	5	NA	121.14	79.91
2017	2	4781	0	23	0	12	100.88	72.02
6764	1	5479	NA	18	7	NA	120.05	80.8
3973	2	5318	0	11	0	10	97.39	76.62
8912	2	9017	1	6	0	11	100.15	NA
2647	1	7506	1	2	0	13	97.89	NA
4363	2	1860	0	12	0	9	94.73	71.89
2157	2	821	NA	21	2	NA	120.93	NA
2064	1	8678	0	13	0	10	98.72	77.76
3075	2	3514	NA	5	1	NA	106.89	75.76
6655	1	2467	1	12	0	10	95.85	72.24
2239	1	4167	0	22	0	11	87.39	60.31
8486	2	5193	NA	3	1	NA	121.72	78.54
6587	1	1074	NA	16	2	NA	117.24	82.95
7576	2	2974	NA	22	1	NA	103.71	75.3
6815	2	6110	NA	22	1	NA	106.25	78.11
3911	2	8913	0	24	0	11	104.85	69.65
7475	2	7537	NA	4	2	NA	116.86	81.25
8037	1	535	NA	7	9	NA	117.63	78.87
6723	1	2467	1	13	0	11	96.48	60.54
2161	2	8980	1	1	0	9	98.68	75.47
1479	1	2963	NA	23	8	NA	123	80.5
6120	1	8342	0	22	0	11	95.19	70
3636	1	1472	NA	14	2	NA	110.55	70
2790	1	3474	0	19	0	11	102.31	77.28
358	2	8145	0	12	0	12	107.83	78.45
5004	2	5585	0	29	0	11	103.52	NA
4039	2	1411	0	15	0	11	103.87	75.61
1056	2	1783	0	11	0	11	97.34	77.77
8261	1	6106	NA	7	6	NA	124.15	82.42
4887	1	3137	0	16	0	12	99.71	75.43
8564	2	6237	0	12	0	8	90.15	66.26
6305	2	4073	0	1	0	11	97.92	74.36
5447	1	2839	0	22	0	12	NA	73.69
108	1	3668	0	16	0	12	109.31	77.11
2855	1	64	1	11	0	10	94.49	62.7
521	2	2113	NA	9	4	NA	125.07	83.1
824	2	2780	1	23	0	12	97.42	77.43
6629	1	6102	1	6	0	12	101.7	71.16
2192	1	7642	0	12	0	10	102.13	74.47
5945	2	4179	NA	7	1	NA	115.3	83.15
4628	2	6843	0	27	0	11	104.05	71.41
547	1	3834	1	22	0	11	93.33	69.74
183	1	331	NA	2	9	NA	121.36	78.28
507	2	6645	0	11	0	10	100.57	64.81
3082	1	7596	NA	7	10	NA	112.14	79.43
607	1	7638	1	16	0	12	101.12	65.95
1942	1	4626	NA	18	1	NA	111.94	NA
6255	1	2548	0	8	0	11	99.46	73.01
4618	2	3137	0	18	0	11	100.07	75.32
6871	1	8145	NA	26	1	NA	114.78	81.72
8729	1	3948	NA	3	6	NA	120.28	77.06
4546	2	2070	NA	16	5	NA	117.15	80.2
6894	2	2623	0	19	0	12	101.8	75.63
1719	2	6340	0	19	0	11	97.2	69.52
5890	2	6934	0	1	0	9	97.37	66.91
7131	2	6555	1	26	0	11	89.41	67.93
215	1	1576	1	23	0	11	103.74	77.87
2936	1	8913	0	11	0	12	98.58	71.4
7317	2	2134	NA	2	1	NA	112.45	81.81
792	1	1725	0	8	0	11	89.25	67.13
6384	1	5440	NA	5	1	NA	114.96	83.71
8544	1	6786	0	19	0	9	88.85	65.61
254	1	4192	1	16	0	11	97.38	64.29
2997	1	3137	0	2	0	11	96.02	72.61
1976	2	2240	1	6	0	12	100.95	71.34
7966	1	5529	0	24	0	11	101.51	73.09
1728	1	4031	NA	14	2	NA	120.4	82.5
2083	1	8732	0	24	0	10	96.75	72.8
4648	1	1416	0	29	0	10	97.65	NA
7074	2	3592	0	13	0	11	99.96	72.56
742	1	5006	1	23	0	12	96.51	67.61
3258	1	582	0	11	0	12	107.33	77
4276	1	4000	NA	25	2	NA	123.57	83.58
8953	1	7519	0	24	0	12	95	75.9
3989	2	552	1	23	0	11	NA	68.89
4407	1	8079	0	12	0	12	98.41	72.62
8208	1	3227	0	15	0	11	101.67	72.75
1618	1	2809	0	29	0	11	99.3	NA
8273	1	3637	0	1	0	9	92.74	65.04
6510	2	3506	0	16	0	11	107.9	75.23
2048	2	4820	NA	25	8	NA	125.66	87.79
3171	2	6621	0	6	0	12	106.34	NA
1045	1	6106	0	24	0	11	102.65	75.8
6526	1	9023	NA	14	5	NA	122.16	79.49
4326	2	556	1	6	0	11	100.59	69.75
5466	1	6477	NA	7	1	NA	116.4	77.2
7394	2	1073	0	8	0	10	93.79	76.1
4022	2	3483	1	15	0	11	99.36	72.08
3850	2	1607	NA	21	2	NA	124.7	NA
5658	2	2548	0	15	0	11	102.69	77.73
627	2	2963	NA	3	1	NA	112.22	71.06
2989	2	2286	0	27	0	9	101.42	68.23
8755	1	335	0	24	0	11	102.57	76.81
4092	1	7519	NA	26	1	NA	109.56	82.78
243	2	2186	NA	27	3	NA	120	77.62
5804	2	6858	0	29	0	11	105.9	NA
4261	2	1321	NA	2	1	NA	112.05	80.65
8552	2	8407	0	1	0	10	101.71	74.89
256	1	14	NA	27	3	NA	120.17	85.29
4362	1	6414	1	15	0	8	89.6	NA
7918	2	6414	0	9	0	9	94.52	58.48
6229	2	5371	1	15	0	11	96.96	73.08
3369	1	772	NA	13	3	NA	116.33	83.25
7529	2	6503	0	12	0	9	94.78	65.96
3457	1	1042	NA	21	2	NA	114.91	NA
1798	1	6849	0	18	0	8	89.22	66.06
694	1	3994	1	11	0	10	97.99	66.47
8376	1	8835	NA	23	11	NA	124.44	81.2
4219	2	8946	0	1	0	11	98.04	76.02
2987	1	6850	1	29	0	11	97.35	NA
559	2	772	NA	27	1	NA	113.83	87.83
3270	1	6946	NA	23	8	NA	124.9	81.75
6642	2	6237	0	19	0	9	92.05	62.05
1228	2	240	0	29	0	12	104.29	NA
857	2	8063	NA	9	4	NA	117.75	81.97
1829	1	4252	NA	26	8	NA	116.55	81.68
3558	1	5895	NA	26	8	NA	124.64	81.34
3665	2	482	0	7	0	11	100.97	NA
5513	2	4101	1	1	0	9	96.66	70.05
2970	1	5220	NA	26	1	NA	113.56	77.35
6477	1	2452	NA	11	8	NA	125.53	82.42
8286	2	8316	1	12	0	8	92.9	65.42
6230	2	7684	0	2	0	3	91.14	68.25
8535	2	1085	1	11	0	10	97.83	69.17
3545	1	2814	NA	20	1	NA	109.37	NA
4488	1	6792	1	6	0	12	102.42	71.58
3346	1	8593	0	1	0	11	99.53	78.86
777	2	2034	0	9	0	12	104.09	78.51
5433	2	2665	0	18	0	11	103.4	68.96
756	2	3356	1	12	0	10	95.97	68.75
5698	1	1696	0	27	0	11	102.82	71.34
7339	1	3603	NA	21	2	NA	108.13	NA
8423	2	5440	NA	6	7	NA	126.22	87.49
3253	1	6526	NA	26	1	NA	114.54	NA
7638	1	1916	NA	23	4	NA	126.44	86.83
5056	2	335	0	8	0	11	101.62	69.46
6807	2	5516	0	12	0	10	95.36	77.63
5561	1	6300	NA	21	2	NA	116.69	NA
8927	1	8901	1	12	0	10	94.28	72.48
6228	2	6831	NA	25	5	NA	123.33	83.14
8895	2	27	0	11	0	9	105.52	77.25
5825	2	5479	NA	2	3	NA	126.39	84.43
8854	2	3650	0	27	0	12	98.17	72.21
3043	1	2604	NA	15	2	NA	117.37	85.25
1180	2	8533	0	15	0	11	100.92	75.46
188	2	5691	NA	22	1	NA	115.4	80.07
6637	1	1456	0	9	0	12	109.09	76.86
8483	2	8971	NA	20	1	NA	120.71	NA
8528	1	3719	0	1	0	11	96.13	73.33
5589	2	8913	NA	4	2	NA	120.23	NA
265	1	8603	0	19	0	12	102.48	72.66
5891	2	465	NA	2	3	NA	124.56	80.4
7105	1	64	1	23	0	12	NA	69.01
706	1	8567	NA	16	1	NA	107.39	NA
5686	1	7931	0	11	0	11	102.55	78.05
2312	1	7942	0	24	0	9	93.53	65.15
6463	2	2188	0	1	0	9	100.8	70.46
3527	1	9012	0	1	0	11	95.13	72.44
4903	1	1199	NA	20	10	NA	113.84	71.71
431	2	556	1	6	0	11	101.51	73.74
2273	2	4489	NA	9	4	NA	128.3	87.32
1305	2	8364	0	16	0	11	106.08	76.22
8197	2	1531	0	24	0	9	94.45	71.15
7679	2	8970	0	8	0	12	97.13	73.75
8908	2	2467	NA	4	1	NA	114.93	78.12
5311	2	8491	0	1	0	10	106.1	78.02
2141	1	4273	0	19	0	10	87.99	79.33
658	2	1164	0	12	0	10	103.27	72.97
3591	1	6871	0	12	0	11	100.05	67.73
3373	2	4265	0	27	0	11	97.16	76.65
5151	1	5103	0	6	0	11	96.12	75.84
4543	2	1622	1	29	0	11	103.22	NA
981	1	695	1	23	0	12	101.71	74.2
6086	2	1647	0	26	0	11	98.48	74.85
6944	2	7287	1	9	0	7	95.62	71.1
7117	2	162	0	22	0	7	93.7	64.57
8919	2	8865	NA	21	2	NA	124.55	NA
58	2	5815	0	13	0	11	96.13	77.44
8095	1	8738	0	12	0	10	96.22	71.93
809	1	8376	NA	16	8	NA	122.87	83.85
7546	1	582	NA	7	1	NA	103.4	70
5299	1	3655	0	9	0	10	100.26	79.28
1438	2	8234	0	11	0	11	99.73	73.74
3662	1	553	0	12	0	10	89.8	72.53
3473	2	4229	0	1	0	10	100.62	78.01
2389	1	6006	0	1	0	8	92.03	70.55
1123	1	5556	0	15	0	11	101.23	72.28
5018	1	5006	1	23	0	11	93.16	71.48
8659	2	3762	NA	6	7	NA	128.89	85.69
2095	2	6214	0	23	0	12	97.49	74.65
4839	2	183	0	12	0	10	98.73	78.46
6254	2	3994	1	12	0	9	88.71	65.08
7433	2	7908	NA	18	4	NA	123.9	87.44
6902	2	5879	NA	5	2	NA	114.81	83.84
1274	1	2857	NA	20	11	NA	124	79.53
6558	2	1969	NA	9	4	NA	119.34	78.17
2134	1	6831	NA	3	8	NA	122.03	81.96
3941	1	1760	0	19	0	10	95.91	70.04
7676	1	2052	NA	7	1	NA	105.65	74.95
8202	1	75	NA	26	8	NA	116.3	76.78
6143	1	4252	0	12	0	11	95.76	72.55
5301	1	5928	NA	14	2	NA	119.25	81.85
5992	2	8746	0	4	0	1	70.73	56.72
8345	1	1164	NA	4	5	NA	124.66	82.17
6464	1	3316	NA	21	2	NA	125.59	NA
8419	1	64	NA	7	1	NA	108.1	67.7
3047	2	1015	0	7	0	11	109.68	NA
7931	1	7201	NA	5	6	NA	123.71	76.62
1651	1	3983	0	6	0	11	107.13	NA
3362	2	8835	0	29	0	12	108.01	NA
5711	1	4251	1	1	0	9	94.34	68.98
6973	1	7898	NA	13	5	NA	122.96	82.06
7382	1	7219	0	13	0	11	103.19	71.27
7506	1	6792	NA	6	7	NA	125.87	80.71
332	1	8896	0	19	0	11	96.5	69.72
7524	1	8021	1	12	0	11	99.02	68.51
2556	1	7664	0	1	0	11	102.93	77.03
3881	2	795	0	22	0	12	99.31	73.84
3397	2	7024	0	11	0	11	104.25	75.34
5057	1	7751	NA	2	9	NA	123.14	84.97
7332	1	3994	1	7	0	8	96.65	67.92
6630	1	3080	0	24	0	9	91.2	65.8
4085	1	2982	NA	6	10	NA	122.3	79.5
3099	2	7287	1	19	0	9	91.72	68.32
8278	1	3879	1	27	0	10	96.19	66.05
2481	1	2985	1	9	0	12	96.51	74.99
7103	1	1969	NA	8	1	NA	104.96	76.01
2453	2	382	0	9	0	12	104.89	75.47
2351	2	7287	1	27	0	10	101.13	73.07
7135	2	4356	0	12	0	11	94.81	69.26
1288	1	2913	NA	3	8	NA	120.21	77.99
2548	1	6849	NA	14	10	NA	125.67	83.53
1198	1	8836	NA	21	2	NA	120.65	NA
8234	1	2913	NA	3	8	NA	121.81	77.08
4519	1	2463	0	16	0	13	89.9	67.34
7174	2	3112	NA	21	2	NA	116.64	NA
4985	2	218	NA	14	2	NA	115.7	83.4
7185	1	7020	NA	26	1	NA	111.89	75.85
1380	2	1568	NA	5	2	NA	114.03	77.58
3926	1	8835	NA	25	9	NA	129.87	83.97
4153	1	1783	NA	3	11	NA	121.1	83.5
8776	1	3227	0	12	0	8	90.44	66.94
4855	2	613	0	1	0	9	93.66	70.67
2117	1	801	1	16	0	10	86.21	60.83
8737	2	331	NA	7	1	NA	120.11	76.4
7835	2	2623	0	9	0	12	106.05	77.06
8104	1	3687	0	24	0	11	98.95	68.1
7681	1	7842	NA	22	9	NA	127.19	NA
988	1	3159	0	1	0	9	91.63	69.1
4524	2	2452	NA	26	7	NA	119.72	78.06
1580	2	1241	0	15	0	12	93.55	68.49
1689	1	3687	NA	26	7	NA	118.05	74.5
977	2	5556	0	27	0	12	102.96	78.59
3400	2	8877	NA	16	5	NA	125.85	84.65
1151	1	7287	1	19	0	9	90.52	69.15
5505	1	6765	NA	2	3	NA	116.18	69.85
6516	1	8600	NA	2	9	NA	126.5	83.5
5123	2	6849	1	11	0	10	98.52	73.67
7464	1	4783	0	13	0	11	103.42	76.91
1648	1	7493	0	1	0	9	93.79	68.64
346	1	4031	0	11	0	11	102.4	78.39
7942	1	8746	NA	7	1	NA	114.1	81.8
1759	1	3082	NA	15	2	NA	114.27	81.79
6419	2	1142	0	6	0	8	82.06	NA
2184	1	4358	NA	3	1	NA	113.01	NA
8364	1	695	NA	3	8	NA	122.01	75.81
8275	1	3874	0	24	0	10	97.65	72.3
4966	2	3356	NA	7	3	NA	125	75.09
6026	1	8848	NA	3	11	NA	124.35	80.5
7848	1	8978	1	27	0	11	95.23	62.85
5991	2	5505	0	22	0	11	95.12	69.37
6352	2	3837	0	12	0	11	103.61	80.36
2365	1	7510	NA	14	2	NA	118.2	79.65
4291	2	5580	NA	4	2	NA	112.03	84.27
1643	1	7842	0	11	0	11	101.52	75.33
3908	1	1647	0	12	0	9	94.78	75.31
1371	2	2665	1	23	0	11	104.68	77.2
7153	2	4822	NA	3	1	NA	120.58	80.77
6848	2	8678	NA	7	1	NA	114.4	83.5
234	1	7515	0	1	0	10	93.96	75.06
3328	1	6006	NA	9	4	NA	125.27	85.73
7551	2	3650	0	1	0	11	99.73	70.78
4596	1	43	0	29	0	10	94.83	NA
195	2	8575	NA	26	1	NA	108.3	81.36
4931	2	4485	NA	4	2	NA	122.62	72.99
7881	2	3376	0	23	0	11	107.43	74.92
3227	1	5529	NA	4	7	NA	120.14	76.33
628	1	1858	0	1	0	10	100.67	78.89
5943	2	4265	0	1	0	9	95.53	71.28
6025	2	1900	NA	20	1	NA	119.7	NA
4446	2	4485	1	12	0	9	96.04	68.23
1663	1	8600	1	16	0	4	81.73	69.86
1011	2	3483	1	15	0	11	96.74	72.56
1392	2	7663	1	11	0	11	74.38	NA
3459	2	1274	0	11	0	9	100.52	73.81
3732	1	8060	1	29	0	11	104.23	NA
6600	1	2240	1	23	0	12	98.38	73.23
6649	2	7510	NA	26	1	NA	115.01	84.29
6170	2	2253	1	11	0	10	100.18	76.42
3937	1	5815	0	15	0	12	98.61	75.32
7596	1	1260	NA	5	9	NA	124.8	83.2
1880	2	2008	0	24	0	11	104.25	72.45
7738	2	3112	0	29	0	11	104.7	NA
5703	2	5499	1	15	0	10	93.76	68.76
20	1	745	1	12	0	8	87.88	NA
2252	1	2975	0	8	0	6	81.83	61.25
5412	1	5642	NA	29	13	NA	128.94	81
8194	1	1195	0	17	0	11	101.92	NA
5167	2	1622	1	6	0	10	96.49	NA
6915	2	7681	NA	8	1	NA	115.73	79.43
1849	2	3054	NA	27	1	NA	113.41	82.64
126	2	8145	0	13	0	11	103.66	79.56
8064	1	8978	0	9	0	11	100.39	71.7
2119	2	1783	NA	23	1	NA	114.23	81.18
7726	2	149	0	12	0	10	102.3	79.78
111	1	9023	0	23	0	10	89.42	66.16
1993	1	2700	NA	23	5	NA	117.73	89.2
4858	2	7202	NA	7	1	NA	122.5	82.6
2065	1	7842	0	2	0	11	100.53	70.73
4660	1	3843	0	13	0	11	94.28	72.07
8448	2	4167	1	13	0	9	88.52	63.02
3389	1	2970	0	12	0	11	94.38	68.56
4587	1	5084	1	8	0	11	89.38	65.61
252	1	1809	0	1	0	11	102.23	73.66
8161	2	3986	NA	3	1	NA	121.26	78.59
6001	1	503	NA	18	10	NA	119.62	69.88
3228	2	2306	0	12	0	10	98.76	73.91
5459	2	6027	1	6	0	11	101.5	70.93
6843	1	8605	NA	4	9	NA	121.86	75
4631	2	7451	0	11	0	10	106.37	77.07
146	1	6487	NA	2	3	NA	130.7	91.67
6462	2	6252	0	22	0	11	96.29	75.64
5590	1	3766	0	29	0	11	99.62	NA
1626	1	7898	0	12	0	11	95.83	69.65
6978	2	7434	NA	23	5	NA	130.49	83.84
4666	2	3832	NA	2	3	NA	126.26	88.92
5405	1	553	0	8	0	6	77.75	57.81
1225	2	503	NA	14	7	NA	132.73	83.91
8505	2	7221	0	6	0	10	96.07	64.86
5159	2	3857	1	9	0	11	100.92	75.12
2622	1	255	0	12	0	11	96.67	69.24
3994	1	8364	NA	23	11	NA	121.64	72.99
7124	2	1916	1	6	0	12	99.87	71.42
8133	1	6792	NA	3	1	NA	116.14	NA
1884	2	1607	NA	25	5	NA	131.83	92.58
692	1	552	NA	29	10	NA	129.33	83.22
1076	2	6351	0	1	0	10	106.18	77.66
7077	2	8234	1	23	0	11	103.48	73.57
1808	1	2052	1	24	0	8	89.6	66.1
6346	1	6015	NA	14	2	NA	112.25	76.75
6303	2	8376	1	12	0	9	92.15	66.18
7021	1	6158	0	11	0	11	98.28	73.38
260	1	7519	NA	4	2	NA	113.42	76.07
1874	2	2899	NA	26	6	NA	126.78	88.76
2864	2	6768	NA	7	1	NA	113.9	84
1402	1	2966	0	24	0	11	98.2	73
5334	1	556	0	22	0	9	91.82	67.91
6478	2	3499	NA	7	4	NA	120.81	83.76
2701	2	7201	NA	23	5	NA	119.45	80.67
6615	1	3983	0	29	0	12	102.86	NA
3330	2	3948	NA	20	1	NA	114.91	NA
7606	1	8978	0	19	0	12	95.37	72.83
7696	2	5340	1	1	0	8	95.08	67.03
3652	2	3483	1	19	0	12	97.48	68.12
8844	1	6006	0	27	0	11	108.12	80.9
1910	1	3227	0	13	0	12	97.76	72.79
7908	1	821	NA	25	9	NA	121.42	69.18
7220	1	3356	1	24	0	10	95.9	66.6
1743	1	3971	NA	27	3	NA	119.71	82.85
3533	2	1622	NA	3	4	NA	124.68	88.14
7366	2	7510	0	16	0	9	89.01	60.2
3661	2	3376	1	16	0	10	96.51	71.82
801	1	1274	NA	18	6	NA	123.7	75.49
8370	1	1916	0	29	0	6	100.03	NA
1341	2	43	0	6	0	13	102.47	80.29
8091	1	3054	NA	27	3	NA	114.98	72.98
2364	2	1916	0	18	0	11	105.37	74.59
2179	1	5895	1	12	0	10	96.38	70.42
6211	2	5542	0	9	0	12	100.27	77.34
8550	1	1106	0	1	0	10	97.66	76.72
7026	1	7615	1	8	0	12	90.52	67.08
8813	1	8712	NA	18	4	NA	118.22	80.44
7223	1	2317	0	8	0	12	99.61	74.58
4783	1	3926	NA	22	9	NA	126.45	81.58
2730	1	6252	NA	14	2	NA	107.7	83.55
7372	1	3506	0	22	0	11	99.99	72.35
1836	2	5950	0	29	0	12	100.85	NA
1819	2	1073	NA	9	4	NA	124.5	87.57
4056	2	5935	1	15	0	10	99.59	70.08
888	1	4854	NA	14	2	NA	122	81.15
5971	1	3846	0	29	0	9	91.67	NA
1896	2	8345	1	9	0	12	102.99	71.64
2745	2	3514	0	29	0	11	105.14	NA
8439	1	2633	1	23	0	11	99.1	71.97
3039	1	1	0	16	0	12	92.55	62.46
2339	2	6001	NA	26	6	NA	120.57	75.89
741	2	7499	0	18	0	11	111.37	83.11
1718	2	3162	0	22	0	10	102.56	68.14
8321	1	5642	NA	21	8	NA	124.61	81.46
7664	1	2113	NA	8	6	NA	130.02	81.9
52	1	2253	NA	22	7	NA	130.28	84.51
4371	2	5564	0	1	0	9	98.09	72.32
5928	1	5673	NA	16	8	NA	122.58	82.89
2034	1	3111	NA	26	8	NA	122.32	85.65
8215	1	8261	0	12	0	11	102.36	75.62
8006	2	6443	1	24	0	8	89.8	64.5
6483	2	7861	NA	27	3	NA	124.9	87.87
2434	1	3839	0	1	0	12	103.78	79.9
3234	2	6006	0	13	0	10	104.98	77.62
5009	1	8712	NA	5	9	NA	120.9	83.85
7667	2	7663	0	12	0	10	96.95	64.22
6108	1	8866	NA	20	1	NA	113.83	NA
4160	2	465	1	18	0	10	98.34	73.26
4003	2	6937	0	11	0	10	100.17	68.73
27	1	2240	NA	5	6	NA	119.41	81.69
2429	2	8376	NA	4	2	NA	117.65	82.23
1110	2	1024	NA	26	1	NA	114.59	85.16
3782	1	4517	NA	27	3	NA	115.76	81.93
6257	1	795	NA	5	9	NA	120.55	79
7115	2	1543	NA	26	1	NA	98.38	68.41
1221	1	2240	NA	5	6	NA	122.18	84.84
7682	1	5134	0	19	0	12	93.51	64.85
8636	2	7877	NA	9	4	NA	124.8	83.93
5995	1	3015	0	11	0	11	99.08	75.5
2180	1	6001	NA	26	3	NA	117.32	72.42
5214	1	2506	0	24	0	10	92.45	77
2444	2	8575	NA	26	1	NA	110.47	78.27
5353	1	1456	NA	19	1	NA	105.91	86.58
4797	1	335	NA	26	1	NA	109.83	78.97
1639	2	7451	NA	16	2	NA	117.89	83.77
8857	2	3416	1	12	0	9	95.18	71.5
6756	1	1207	0	29	0	11	96.7	NA
6324	1	3994	1	11	0	11	96.15	67.44
6411	1	2113	NA	7	1	NA	106.15	75.3
5842	1	4871	1	6	0	12	102.27	76.27
4708	1	5773	0	11	0	12	100.01	71.33
5245	2	3754	0	12	0	11	94.62	71.58
7581	1	5751	0	13	0	11	102.37	74.08
1350	1	5340	0	27	0	12	99.9	69.84
6128	2	6443	NA	26	1	NA	104.76	73.97
6441	1	8021	NA	4	8	NA	123.08	76.65
3883	1	8598	0	6	0	11	91.45	65.16
894	2	5166	0	1	0	9	99.41	70.24
170	2	8316	0	22	0	11	100.88	70.72
5390	2	970	NA	7	1	NA	121.25	83.85
455	2	6027	NA	25	2	NA	124.99	83.48
4256	1	6765	NA	5	12	NA	125.72	75.71
8079	1	1532	NA	14	7	NA	123.56	80.57
5109	2	382	NA	27	3	NA	130.45	83.24
5342	1	8848	1	3	0	13	100.88	74.31
2798	1	5959	NA	2	1	NA	115.1	82.76
752	2	1107	0	22	0	5	97.72	NA
4958	2	4067	NA	12	1	NA	93.14	NA
4723	2	1983	0	11	0	9	94.66	69.42
8223	2	2935	NA	13	4	NA	127.83	75.83
2814	1	1375	NA	21	2	NA	119.1	NA
7706	1	1647	0	13	0	11	92.24	67.53
2564	2	339	0	6	0	11	102.61	72.06
2244	2	3564	0	1	0	10	98.15	70.45
2683	2	2945	0	13	0	10	91.42	74.53
2128	1	7780	NA	29	10	NA	130.06	82.17
3785	1	4031	NA	7	11	NA	121.07	82.49
5641	2	4153	NA	16	2	NA	124.63	NA
3853	2	1782	NA	7	1	NA	111.15	80.3
3046	2	1207	NA	20	1	NA	113.91	NA
4719	1	6001	0	12	0	8	95.21	64.92
106	1	2515	NA	7	1	NA	114.15	79.85
3943	2	6755	1	6	0	11	101.01	67.34
6684	1	5691	0	18	0	11	96.35	73.32
216	1	183	NA	22	1	NA	109.89	77.76
5117	2	3270	NA	7	1	NA	110.45	80.6
2648	1	4770	0	24	0	10	96.8	66.7
8250	2	2253	1	11	0	10	100.09	79.42
593	2	1705	0	15	0	11	99.69	80.22
666	1	2052	NA	7	1	NA	112.9	78.25
5965	1	7202	1	24	0	10	98.6	70.35
5792	1	3367	0	11	0	11	93.05	69.27
8909	1	1794	0	12	0	8	83.09	60.11
6692	1	4935	NA	8	6	NA	122.23	81.86
1647	1	5287	NA	22	9	NA	118.07	79.39
7096	2	5881	1	7	0	11	104.2	NA
2373	2	351	0	13	0	11	98.64	79.48
5909	2	7140	0	22	0	5	66.12	50.43
8237	1	6214	0	18	0	11	99.09	72.85
278	1	692	0	6	0	12	100.28	NA
3998	1	2537	NA	25	1	NA	117.26	87.51
1986	2	465	0	23	0	12	106.17	80.04
9017	1	6271	NA	20	7	NA	127.09	81.93
3401	2	2935	NA	14	2	NA	118.5	79.65
4638	2	552	NA	20	1	NA	118.73	NA
771	2	5371	0	1	0	10	99.53	74.78
5950	1	7421	NA	21	2	NA	116.15	NA
1310	2	6477	NA	8	6	NA	121.62	82.89
3920	1	1226	0	1	0	11	91.34	67.55
6488	2	1674	0	24	0	11	100.6	72.15
1389	1	6768	1	13	0	11	96.61	71.57
3934	1	745	0	11	0	8	98.43	72.99
5766	2	3766	NA	21	2	NA	111.07	NA
6616	2	149	NA	4	2	NA	118.53	83.96
3938	2	4822	0	29	0	11	105.97	NA
6472	2	2330	0	27	0	12	96.87	68.6
1468	2	5479	0	11	0	10	101.87	71.88
4922	2	258	0	1	0	8	92.62	69.37
5920	1	4783	NA	4	9	NA	132.46	84.57
4308	2	5357	0	19	0	11	106.6	77.79
914	2	1783	0	6	0	11	100.59	73.8
510	2	7034	0	18	0	4	89.06	71.19
313	1	5818	0	22	0	11	102.54	74.62
7844	1	9017	1	6	0	12	97.99	NA
714	2	4049	0	29	0	12	95.93	NA
5267	2	5580	1	27	0	9	96.22	71.52
1223	2	4034	0	27	0	11	101.3	73.13
1755	2	1073	0	13	0	11	103.46	80.61
2974	1	7956	NA	2	9	NA	121.79	79.76
673	1	5312	0	1	0	9	98.04	71.79
382	1	3038	NA	12	6	NA	123.49	82.31
5330	2	7622	NA	27	3	NA	119.84	82.2
6984	1	2741	0	29	0	11	105	NA
6210	1	3994	1	12	0	9	85.58	62.64
945	1	2780	NA	2	3	NA	125.1	78.14
3416	1	8685	NA	14	7	NA	122.04	79.85
1372	1	43	NA	25	9	NA	110.32	76.7
3912	2	3832	NA	6	7	NA	131.09	90.83
8299	1	183	NA	7	1	NA	111.5	77
8838	2	6689	1	16	0	11	89.73	57.33
3185	2	6026	0	18	0	11	103.45	74.97
2350	1	2250	1	23	0	9	93.45	67.71
8766	2	7686	NA	21	2	NA	121.86	NA
6680	1	7760	1	13	0	11	97.23	72.39
1519	2	6159	1	12	0	9	87.62	68.42
4984	2	4903	NA	23	5	NA	127.24	82.01
5252	2	263	NA	26	7	NA	123.46	90.09
2062	1	7710	NA	6	10	NA	124.35	78.7
1412	1	1257	NA	18	4	NA	121.04	76.49
994	2	6653	0	7	0	11	109.36	NA
1338	2	5169	1	24	0	9	90.2	64.25
4021	2	9021	0	9	0	11	97.24	72.97
4549	2	1143	0	15	0	12	106.97	77.84
7151	1	8980	1	19	0	8	92.05	65.8
4713	1	5959	1	22	0	10	93.1	66.45
825	2	8877	0	11	0	10	99.84	74.66
6414	1	3754	NA	26	8	NA	122.52	71.16
7023	2	2515	NA	14	2	NA	120.2	84.65
7789	2	3994	NA	14	7	NA	123.22	74.26
1015	1	27	NA	2	6	NA	123.55	81.4
7510	1	5691	NA	2	9	NA	118.18	79.37
6242	2	1969	0	1	0	9	101.06	73.55
6304	2	5859	0	1	0	10	100.61	70.4
1800	2	2913	0	6	0	12	101.96	77.38
5960	1	8261	NA	8	6	NA	120.9	82.49
3834	1	5193	NA	5	5	NA	117.85	80.95
2627	2	5950	NA	20	1	NA	113.71	NA
4505	1	4306	0	11	0	11	100.4	79.23
4518	2	6849	1	11	0	10	93.96	64.9
8305	2	7027	0	12	0	11	98.97	69.61
1897	2	8079	0	24	0	11	96.53	69.57
3405	1	503	0	11	0	12	103.53	74.45
5033	1	1705	NA	9	4	NA	115.35	77.22
3774	1	7642	0	8	0	11	90.59	66.81
4132	2	8376	1	12	0	8	71.72	52.09
7905	2	8901	0	11	0	12	105.92	72.59
2562	1	7716	0	1	0	10	95.4	69.17
2028	2	6102	NA	5	2	NA	122.58	90.29
1895	2	3857	NA	26	7	NA	126.84	81.95
671	1	3867	0	11	0	11	99.13	73.42
1269	2	6110	NA	14	2	NA	125.25	81.5
5078	1	2975	0	9	0	11	92.7	63.37
7770	2	556	1	23	0	9	97.77	71.98
6846	1	916	NA	14	9	NA	122.2	79.61
1983	1	3270	NA	2	6	NA	118.2	76.55
4026	2	8341	0	11	0	11	105.49	77.82
483	1	7873	NA	19	1	NA	110.7	78.44
8395	2	6831	0	29	0	10	95.45	NA
4031	1	8108	NA	23	8	NA	122.25	79.7
7917	2	6516	1	12	0	8	93.96	69.34
7539	1	4252	1	27	0	12	96.32	72.79
901	1	6765	NA	23	8	NA	125.1	85
7134	2	2062	0	11	0	10	101.73	74.42
4837	2	3539	NA	14	2	NA	107.9	80.5
8123	1	6	1	19	0	10	92.3	62.17
8465	2	1372	NA	3	4	NA	116.24	77.39
5028	2	4871	NA	3	1	NA	113.38	82.1
6805	2	3644	0	29	0	11	103.57	NA
5122	2	4252	1	27	0	12	104.14	70.01
3106	2	8605	NA	12	7	NA	127.46	87.72
3965	1	3832	1	22	0	11	94.58	69.68
6282	1	7892	NA	3	8	NA	125.79	78.55
5997	1	5773	0	18	0	12	100.43	72.18
8	1	1529	1	23	0	12	99.19	72.52
5900	1	7908	NA	22	7	NA	121.34	80.62
9007	2	3879	1	9	0	12	93.84	67.64
4119	2	5110	0	19	0	11	102.13	72.89
2635	1	5928	NA	4	9	NA	127.72	82.03
428	2	4927	NA	26	1	NA	111.91	77.96
8302	1	7301	0	15	0	8	88.96	63.99
745	1	5675	NA	23	11	NA	124.67	83.08
6745	1	2633	1	6	0	11	88.49	NA
4748	2	7642	0	11	0	8	96.74	67.35
5479	1	3048	NA	6	7	NA	121.95	82.47
5818	1	5881	NA	2	6	NA	125.4	78.7
684	1	5818	1	24	0	8	95.3	67.85
2439	2	1568	0	2	0	9	97.48	NA
4236	2	2658	NA	26	1	NA	108.72	72.95
3015	1	2857	NA	6	7	NA	124.47	79.68
437	2	6027	NA	3	1	NA	120.59	81.87
6946	1	4000	NA	6	3	NA	104.68	75.61
8389	2	695	NA	20	1	NA	120.73	NA
4630	1	2780	1	22	0	1	58.16	51.33
3565	1	5675	NA	22	1	NA	114.58	84.51
965	1	995	NA	16	2	NA	117.31	75.54
4070	1	8082	0	24	0	10	101.96	77.84
2176	2	516	1	13	0	11	99.53	68.02
1926	2	6792	NA	25	5	NA	123.9	78.26
7303	2	4822	NA	3	4	NA	124.48	83.48
6911	2	4822	NA	20	1	NA	120.83	NA
3863	2	3840	1	12	0	9	95.2	70.21
784	1	8200	1	23	0	12	97.75	71.15
1860	1	6252	NA	16	8	NA	116.78	79.51
6140	2	7499	NA	6	2	NA	124.69	83.58
4002	2	3483	NA	13	5	NA	127.41	92.04
7898	1	4489	NA	4	9	NA	122.83	74.66
7525	1	2506	0	12	0	11	98.77	75.01
6214	1	5675	NA	6	3	NA	123.06	83.74
2133	2	2279	0	27	0	11	104.84	77.35
5126	2	1783	0	22	0	11	103.89	77.1
6332	1	2077	NA	13	3	NA	116.13	84.58
4886	1	5859	0	15	0	11	98.96	70.23
484	2	4626	0	23	0	12	100.05	70.16
7461	1	3785	NA	4	2	NA	107.31	74.2
6009	1	695	0	18	0	12	NA	73.82
1361	1	5108	0	16	0	12	91.83	62.74
296	2	4770	NA	14	2	NA	112.85	81.7
2440	1	772	0	15	0	11	100.35	77.54
5908	2	1074	0	11	0	10	101.7	70.7
3579	2	2656	NA	7	1	NA	116.4	80.8
1721	1	4739	0	9	0	12	106.11	80.24
696	2	8021	1	12	0	10	98.23	71.03
2036	2	7877	0	13	0	12	102.51	75.2
6531	2	2052	0	16	0	10	100.11	73.54
3144	2	311	0	1	0	10	90.23	61.86
5591	2	2843	1	18	0	10	98.96	69.5
1261	2	821	0	6	0	11	107.97	70
957	2	795	0	18	0	11	99.54	76.94
6286	2	2008	NA	4	2	NA	123.02	NA
8403	1	5169	NA	7	1	NA	108.5	74.2
6849	1	4836	NA	5	9	NA	124.65	82.7
4460	1	3027	1	29	0	10	89.72	NA
3329	1	7840	NA	22	1	NA	113.56	78.66
6810	1	8896	0	1	0	11	99.59	NA
1401	2	6477	NA	4	2	NA	116.93	81.87
40	2	2966	0	12	0	10	93.17	74.41
5437	2	8848	0	17	0	4	89.36	NA
7030	2	6232	NA	23	4	NA	123.61	84.11
6111	2	7929	NA	2	1	NA	107.58	74.66
169	2	8364	1	11	0	10	92.9	63.36
6285	1	3971	0	1	0	9	96.15	73.53
7304	2	5296	NA	4	2	NA	123.15	80.84
5099	1	3668	0	11	0	11	101.82	73.68
3159	1	3476	NA	9	4	NA	114.45	76.75
7673	2	3173	0	11	0	10	97.25	75.24
